num crossings	time (s)	maj axis (mm)	min axis (mm)	theta (rad )	slope (V/s)
11435	66765.522407	69.495469	1.186346	2.745218	16.240321
11437	66767.609161	69.040232	3.381207	2.761409	14.962699
11439	66769.695865	72.753948	1.500888	2.724537	16.131974
11441	66771.782389	67.385722	3.349907	2.767938	15.105237
11443	66773.868645	69.673519	1.407182	2.745681	16.165840
11445	66775.956232	69.744996	1.392074	2.746334	15.443671
11447	66778.042913	69.664875	1.422371	2.746285	16.362630
11449	66780.128501	69.726868	1.417248	2.746873	15.566212
11451	66782.214111	69.766855	1.480635	2.747164	15.544000
11453	66784.299940	70.513064	2.292929	2.748020	15.516492
11455	66786.384222	69.944717	1.529755	2.746198	15.961227
11457	66788.469053	70.695081	2.479511	2.744040	16.339089
11459	66790.554520	70.665293	2.632521	2.741966	15.453073
11461	66792.640331	69.547159	1.695767	2.747176	15.766229
11463	66794.725737	69.639149	1.892108	2.747445	16.394535
11465	66796.812140	70.126665	1.672472	2.741971	15.420176
11467	66798.897828	69.671168	1.780187	2.746299	16.387243
11469	66800.986337	70.149509	1.808956	2.742428	15.951293
11471	66803.073827	70.285129	1.806923	2.743500	16.338499
11473	66805.160334	70.209351	1.836712	2.743676	16.329483
11475	66807.246031	69.885100	1.854120	2.746330	16.919896
11477	66809.333436	70.441491	2.050754	2.743817	16.254487
11479	66811.419447	70.550689	1.951766	2.746011	16.081359
11481	66813.505692	70.453375	2.016973	2.746277	15.716320
11483	66815.592582	70.442011	2.073018	2.747189	16.582673
11485	66817.681211	70.235783	1.998452	2.748409	16.659520
11487	66819.769453	73.797002	2.412576	2.730984	16.473554
11489	66821.857764	70.320647	2.147529	2.745410	16.295587
11491	66823.945255	71.009429	2.945082	2.743944	15.896694
11493	66826.032775	70.523757	2.201523	2.743350	16.199162
11495	66828.120709	70.590567	2.243965	2.743213	16.206133
11497	66830.207603	71.518542	3.075964	2.742047	16.229577
11499	66832.294104	70.208682	2.322722	2.747769	15.918911
11501	66834.380289	70.037185	2.293045	2.747680	16.563828
11503	66836.466980	70.936958	2.426677	2.743850	16.119493
11505	66838.554440	70.970508	2.450749	2.744667	16.239502
11507	66840.640612	71.477083	3.569534	2.747587	17.041897
11509	66842.727003	70.433666	2.349890	2.748377	16.513019
11511	66844.813591	70.884883	2.599987	2.745557	17.509875
11513	66846.902763	70.959742	2.561410	2.745932	15.153181
11515	66848.986747	70.601227	2.511425	2.748372	16.874318
11517	66851.074211	75.473491	3.701940	2.744103	15.745356
11519	66853.159499	75.149197	3.877887	2.743688	16.729211
11521	66855.241940	73.941708	3.123442	2.736736	15.940092
11523	66857.327811	68.913128	10.943560	2.746221	16.637761
11525	66859.414118	71.401660	2.748735	2.745875	16.389234
11527	66861.500397	67.691488	5.992259	2.770025	16.922073
11529	66863.585731	71.403225	2.818930	2.743729	16.853552
11531	66865.671942	71.392079	2.832448	2.744259	16.933220
11533	66867.757487	71.351956	2.862875	2.744676	16.695436
11535	66869.844844	71.411573	2.921925	2.745129	15.904499
11537	66871.931123	72.039799	4.275030	2.744204	16.865555
11539	66874.018923	68.463207	3.045564	2.775964	16.419427
11541	66876.105097	76.194314	3.512710	2.720354	16.495649
11543	66878.191487	71.609570	3.048778	2.747304	16.896363
11545	66880.277223	71.727324	3.072352	2.747648	16.519646
11547	66882.364724	70.928114	3.032560	2.750875	17.135205
11549	66884.452318	76.517007	4.088576	2.741243	16.881858
11551	66886.540088	74.512994	3.772292	2.735831	16.745147
11553	66888.627608	69.713338	11.879833	2.747423	16.458644
11555	66890.716220	71.540124	3.271028	2.748764	17.157258
11557	66892.802772	71.961505	4.149402	2.749873	17.138907
11559	66894.890434	72.125743	4.140604	2.749397	16.203424
11561	66896.977811	72.241463	4.119846	2.747661	16.738682
11563	66899.064761	72.189270	4.090680	2.747746	16.982430
11565	66901.151071	72.182221	4.303711	2.748299	16.544499
11567	66903.238567	71.326394	3.397843	2.751019	16.175795
11569	66905.325539	71.179770	3.488686	2.751781	16.269232
11571	66907.412303	71.968262	3.552942	2.748298	17.017156
11573	66909.498587	71.818785	3.520668	2.749986	16.714639
11575	66911.584658	71.860090	3.555024	2.750466	16.767418
11577	66913.671432	71.878426	3.597237	2.750844	17.187330
11579	66915.757765	71.478254	3.573690	2.752794	16.973882
11581	66917.844010	71.866815	3.740869	2.751060	16.514525
11583	66919.930140	72.378474	4.599326	2.755341	16.983116
11585	66922.015139	71.999057	3.703659	2.753344	16.873228
11587	66924.100999	72.706554	4.615024	2.754091	16.538645
11589	66926.186709	72.086421	3.758852	2.752971	16.488634
11591	66928.271764	69.940421	12.607684	2.751375	16.594846
11593	66930.357299	72.242407	3.836331	2.751787	17.673788
11595	66932.443053	72.224754	3.850681	2.751664	17.127666
11597	66934.529049	72.304111	3.882596	2.751320	16.753019
11599	66936.615895	71.864659	3.912195	2.754770	16.530240
11601	66938.702793	71.401578	4.095931	2.753418	17.138118
11603	66940.787688	72.032887	4.172753	2.754680	17.169875
11605	66942.872814	77.087958	4.539134	2.748890	16.885613
11607	66944.959976	76.386038	4.539742	2.747582	16.604623
11609	66947.046445	76.782617	4.706341	2.747616	17.418278
11611	66949.133873	73.628682	4.957444	2.738187	16.550064
11613	66951.220820	72.439145	4.100426	2.755338	17.146243
11615	66953.306998	72.421195	4.162346	2.756701	16.314226
11617	66955.394183	72.355948	4.217148	2.757412	17.186188
11619	66957.481776	72.344400	4.209041	2.758092	17.253933
11621	66959.569617	70.522578	12.916612	2.758030	17.325219
11623	66961.658150	72.261639	4.322787	2.756869	16.928709
11625	66963.745361	72.709385	5.247936	2.758674	17.086982
11627	66965.833307	72.816160	5.106771	2.756861	16.907494
11629	66967.920157	71.918829	4.356556	2.759662	16.393426
11631	66970.006461	71.986908	4.519290	2.759782	16.368407
11633	66972.093887	71.745311	4.497996	2.760279	17.447434
11635	66974.180479	72.522891	4.460101	2.757004	16.765020
11637	66976.267266	72.078571	4.434417	2.760291	16.994464
11639	66978.353530	74.888635	5.052226	2.748430	16.513598
11641	66980.440054	72.065935	4.507095	2.761382	16.357237
11643	66982.527463	76.209520	5.059389	2.745949	16.917329
11645	66984.611940	72.591187	4.588152	2.760805	17.363399
11647	66986.698360	72.624150	4.629843	2.761195	17.063722
11649	66988.784587	72.558472	4.647084	2.762345	16.988431
11651	66990.870562	72.364773	4.619024	2.762442	17.361029
11653	66992.955963	72.623761	4.759556	2.762402	17.201128
11655	66995.041407	72.714489	4.753644	2.762935	17.387609
11657	66997.127784	72.312996	4.748073	2.764966	17.127842
11659	66999.212714	72.827277	4.804339	2.763225	17.790344
11661	67001.298519	72.243660	4.808786	2.766499	17.308777
11663	67003.383987	72.852983	4.836032	2.762517	16.956314
11665	67005.470038	73.593552	6.006773	2.761857	16.920373
11667	67007.556882	73.594096	6.366121	2.762699	17.556746
11669	67009.642860	72.911165	4.943742	2.763191	17.647966
11671	67011.730177	70.931767	12.191052	2.774856	17.211135
11673	67013.815634	73.041013	5.028517	2.763210	16.806678
11675	67015.902727	72.474905	4.971840	2.768464	17.686950
11677	67017.988201	72.986152	5.129078	2.764799	17.620023
11679	67020.076036	73.022535	5.095722	2.767183	17.770333
11681	67022.162732	72.589712	5.049050	2.769579	16.821388
11683	67024.250150	72.750636	5.366642	2.771612	16.797334
11685	67026.336790	72.608087	5.412283	2.772103	17.253802
11687	67028.423973	72.929397	5.261653	2.769189	17.317208
11689	67030.511499	72.909425	5.225456	2.770221	17.237910
11691	67032.597804	72.812568	5.266683	2.770538	17.312443
11693	67034.686268	72.728790	5.276805	2.770717	17.187836
