time (s)	energy (uJ)	charge (mC)	voltage (mV)	crossing#mod 255
145412.545741	34.052372	0.015921	2.138794	53
145413.610741	29.523157	0.015903	1.856432	54
145414.627354	37.124516	0.015941	2.328919	55
145415.698384	29.197165	0.015903	1.835900	56
145416.723561	35.405010	0.015907	2.225744	57
145417.771054	34.917736	0.015909	2.194830	58
145418.819337	30.717634	0.015927	1.928679	59
145419.853012	37.148502	0.015900	2.336441	60
145420.901678	33.588730	0.015901	2.112402	61
145421.954139	29.363588	0.015921	1.844354	62
145422.985773	32.070179	0.015934	2.012660	63
145424.047047	29.067272	0.015909	1.827117	64
145425.062689	38.143360	0.015929	2.394630	65
145426.128192	33.763935	0.015902	2.123309	66
145427.159001	32.002815	0.015930	2.008939	67
145428.211851	36.491505	0.015909	2.293699	68
145429.248612	32.037163	0.015912	2.013366	69
145430.305460	27.291243	0.015918	1.714464	70
145431.337578	31.298882	0.015925	1.965387	71
145432.385832	30.168144	0.015878	1.899974	72
145433.413877	41.121090	0.015911	2.584524	73
145434.466226	36.297607	0.015913	2.280979	74
145435.515597	31.365578	0.015936	1.968254	75
145436.568196	24.781214	0.015898	1.558726	76
145437.604011	30.688435	0.015908	1.929147	77
145438.645327	32.118694	0.015904	2.019511	78
145439.693902	27.283121	0.015908	1.715049	79
145440.725999	37.820038	0.015911	2.377048	80
145441.773497	33.673386	0.015912	2.116215	81
145442.822839	29.359465	0.015884	1.848397	82
145443.854617	35.907799	0.015912	2.256637	83
145444.908079	34.633308	0.015924	2.174899	84
145445.952317	27.575571	0.015952	1.728699	85
145447.004764	29.547150	0.015892	1.859193	86
145448.033043	29.443495	0.015928	1.848479	87
145449.097785	26.261028	0.015936	1.647901	88
145450.114283	32.940643	0.015928	2.068085	89
145451.178104	31.093946	0.015906	1.954872	90
145452.214281	27.208652	0.015902	1.710969	91
145453.258533	34.195362	0.015899	2.150801	92
145454.292232	36.964790	0.015903	2.324355	93
145455.336167	36.454941	0.015912	2.291018	94
145456.388516	30.278872	0.015888	1.905790	95
145457.436768	28.304974	0.015860	1.784667	96
145458.469961	35.704338	0.015910	2.244203	97
145459.517628	35.087051	0.015924	2.203380	98
145460.553933	32.744331	0.015919	2.056895	99
145461.622913	24.282053	0.015902	1.526947	100
145462.647953	25.584883	0.015908	1.608322	101
145463.699433	33.024578	0.015938	2.072020	102
145464.729731	31.603436	0.015908	1.986603	103
145465.793603	25.212067	0.015910	1.584657	104
145466.820849	29.490501	0.015884	1.856666	105
145467.873948	26.241707	0.015890	1.651449	106
145468.906345	33.619415	0.015915	2.112388	107
145469.954306	30.068264	0.015928	1.887814	108
145471.003799	27.328438	0.015903	1.718484	109
145472.034566	35.514912	0.015899	2.233850	110
145473.079532	35.949684	0.015890	2.262463	111
145474.133260	27.439020	0.015935	1.721970	112
145475.181313	25.286695	0.015899	1.590501	113
145476.213630	32.987400	0.015933	2.070434	114
145477.266411	23.260710	0.015938	1.459460	115
145478.310744	26.139040	0.015900	1.643973	116
145479.342537	35.029087	0.015927	2.199413	117
145480.391384	30.129690	0.015931	1.891316	118
145481.440712	26.514000	0.015906	1.666905	119
145482.471774	34.601368	0.015895	2.176814	120
145483.520562	41.528793	0.015909	2.610439	121
145484.569409	27.748333	0.015923	1.742640	122
145485.618769	23.443565	0.015924	1.472177	123
145486.650842	33.479954	0.015908	2.104552	124
145487.699119	27.047443	0.015909	1.700112	125
145488.747403	27.810940	0.015909	1.748079	126
145489.778724	30.065248	0.015919	1.888591	127
145490.844262	23.674023	0.015930	1.486151	128
145491.860191	33.351498	0.015929	2.093701	129
145492.925705	28.608360	0.015903	1.798912	130
145493.952715	26.853312	0.015908	1.688075	131
145495.006280	32.053711	0.015881	2.018381	132
145496.038481	32.932850	0.015905	2.070553	133
145497.086199	35.509144	0.015902	2.232933	134
145498.135560	27.790176	0.015917	1.745997	135
145499.183275	25.310242	0.015887	1.593113	136
145500.217045	33.428886	0.015932	2.098163	137
145501.265594	29.073553	0.015926	1.825497	138
145502.321274	21.723608	0.015899	1.366381	139
145503.352910	28.870522	0.015900	1.815762	140
145504.397302	26.344816	0.015900	1.656918	141
145505.441809	30.987511	0.015908	1.947873	142
145506.474840	30.328018	0.015880	1.909822	143
145507.538690	25.534309	0.015874	1.608603	144
145508.556291	34.808788	0.015909	2.187997	145
145509.619532	30.922140	0.015913	1.943153	146
145510.652679	27.194216	0.015876	1.712876	147
145511.712966	25.619974	0.015929	1.608379	148
145512.728803	34.909058	0.015882	2.198092	149
145513.798712	27.396727	0.015895	1.723661	150
145514.830527	25.162481	0.015928	1.579769	151
145515.878797	32.587646	0.015905	2.048860	152
145516.919215	25.191746	0.015897	1.584642	153
145517.976261	24.871851	0.015894	1.564822	154
145519.009649	22.270220	0.015939	1.397206	155
145520.053015	31.648951	0.015937	1.985927	156
145521.089292	26.412159	0.015926	1.658412	157
145522.154796	23.504614	0.015907	1.477633	158
145523.169940	31.302702	0.015916	1.966705	159
145524.230379	30.139145	0.015904	1.895064	160
145525.266020	25.246761	0.015903	1.587513	161
145526.316156	31.337133	0.015909	1.969820	162
145527.348222	29.503445	0.015933	1.851729	163
145528.408285	25.182756	0.015880	1.585812	164
145529.445339	25.331816	0.015878	1.595356	165
145530.494984	24.153362	0.015919	1.517220	166
145531.529194	29.932024	0.015904	1.882075	167
145532.575127	27.807821	0.015918	1.746906	168
145533.617810	27.256878	0.015894	1.714969	169
145534.656359	32.192619	0.015936	2.020120	170
145535.703843	29.083445	0.015927	1.825991	171
145536.752132	27.271719	0.015933	1.711684	172
145537.779923	35.363461	0.015897	2.224562	173
145538.848582	24.341436	0.015884	1.532479	174
145539.884503	20.720093	0.015914	1.302017	175
145540.930431	28.822336	0.015932	1.809134	176
145541.966765	18.490461	0.015895	1.163309	177
145543.034552	20.448380	0.015910	1.285235	178
145544.038641	34.621464	0.015900	2.177403	179
145545.108217	25.710625	0.015927	1.614330	180
145546.140078	24.864988	0.015867	1.567081	181
145547.189773	29.189390	0.015910	1.834681	182
145548.222584	29.762714	0.015908	1.870964	183
145549.281470	23.769434	0.015935	1.491636	184
145550.319164	24.574146	0.015891	1.546418	185
145551.367735	23.948238	0.015934	1.502946	186
145552.399224	30.866201	0.015867	1.945287	187
145553.447566	28.791557	0.015936	1.806684	188
145554.496319	23.606647	0.015919	1.482889	189
145555.546482	20.927397	0.015926	1.314052	190
