crossing time (s)	slope (V/s)	crossing number
281474976710655.000000	74.945305	10801	144314925056.000000
281474976710655.000000	72.082268	10802	144315973632.000000
281474976710655.000000	71.174438	10803	144317005824.000000
281474976710655.000000	Inf	10804	144318054400.000000
281474976710655.000000	50.718216	10805	144319102976.000000
281474976710655.000000	36.126610	10806	144320151552.000000
281474976710655.000000	74.975189	10807	144321183744.000000
281474976710655.000000	123.830353	10808	144322232320.000000
281474976710655.000000	74.480553	10809	144323280896.000000
281474976710655.000000	138.684128	10810	144324313088.000000
281474976710655.000000	75.335640	10811	144325361664.000000
281474976710655.000000	Inf	10812	144326410240.000000
281474976710655.000000	Inf	10813	144327442432.000000
281474976710655.000000	75.199295	10814	144328491008.000000
281474976710655.000000	72.839874	10815	144329539584.000000
281474976710655.000000	77.297852	10816	144330588160.000000
281474976710655.000000	115.278618	10817	144331620352.000000
281474976710655.000000	75.814674	10818	144332668928.000000
281474976710655.000000	79.353516	10819	144333717504.000000
281474976710655.000000	Inf	10820	144334766080.000000
281474976710655.000000	79.195442	10821	144335798272.000000
281474976710655.000000	76.580551	10822	144336846848.000000
281474976710655.000000	52.636547	10823	144337879040.000000
281474976710655.000000	50.043308	10824	144338927616.000000
281474976710655.000000	48.297600	10825	144339976192.000000
281474976710655.000000	77.386208	10826	144341024768.000000
281474976710655.000000	75.766800	10827	144342056960.000000
281474976710655.000000	38.587006	10828	144343105536.000000
281474976710655.000000	152.672546	10829	144344154112.000000
281474976710655.000000	76.573021	10830	144345202688.000000
281474976710655.000000	79.792183	10831	144346234880.000000
281474976710655.000000	76.763031	10832	144347283456.000000
281474976710655.000000	57.939388	10833	144348332032.000000
281474976710655.000000	78.557404	10834	144349364224.000000
281474976710655.000000	77.957314	10835	144350412800.000000
281474976710655.000000	Inf	10836	144351461376.000000
281474976710655.000000	76.418991	10837	144352493568.000000
281474976710655.000000	121.419006	10838	144353542144.000000
281474976710655.000000	60.506531	10839	144354590720.000000
281474976710655.000000	74.190392	10840	144355639296.000000
281474976710655.000000	77.569717	10841	144356671488.000000
281474976710655.000000	41.762676	10842	144357720064.000000
281474976710655.000000	78.235466	10843	144358768640.000000
281474976710655.000000	38.863247	10844	144359800832.000000
281474976710655.000000	80.257362	10845	144360849408.000000
281474976710655.000000	52.602444	10846	144361897984.000000
281474976710655.000000	78.866066	10847	144362930176.000000
281474976710655.000000	75.126373	10848	144363978752.000000
281474976710655.000000	80.764244	10849	144365027328.000000
281474976710655.000000	53.000069	10850	144366075904.000000
281474976710655.000000	77.356850	10851	144367108096.000000
281474976710655.000000	53.924507	10852	144368156672.000000
281474976710655.000000	84.860344	10853	144369205248.000000
281474976710655.000000	83.316429	10854	144370237440.000000
281474976710655.000000	78.250061	10855	144371286016.000000
281474976710655.000000	168.893936	10856	144372334592.000000
281474976710655.000000	123.347198	10857	144373366784.000000
281474976710655.000000	37.809238	10858	144374415360.000000
281474976710655.000000	151.637619	10859	144375463936.000000
281474976710655.000000	78.292007	10860	144376512512.000000
281474976710655.000000	79.030670	10861	144377544704.000000
281474976710655.000000	79.746284	10862	144378593280.000000
281474976710655.000000	163.059082	10863	144379641856.000000
281474976710655.000000	40.180687	10864	144380674048.000000
281474976710655.000000	82.751648	10865	144381722624.000000
281474976710655.000000	82.767868	10866	144382771200.000000
281474976710655.000000	62.712727	10867	144383803392.000000
281474976710655.000000	60.137001	10868	144384851968.000000
281474976710655.000000	79.416901	10869	144385900544.000000
281474976710655.000000	80.939880	10870	144386949120.000000
281474976710655.000000	78.574554	10871	144387981312.000000
281474976710655.000000	158.701324	10872	144389029888.000000
281474976710655.000000	79.970490	10873	144390078464.000000
281474976710655.000000	81.135445	10874	144391110656.000000
281474976710655.000000	80.773376	10875	144392159232.000000
281474976710655.000000	80.584251	10876	144393207808.000000
281474976710655.000000	54.084862	10877	144394256384.000000
281474976710655.000000	164.926544	10878	144395288576.000000
281474976710655.000000	83.288193	10879	144396337152.000000
281474976710655.000000	159.504166	10880	144397385728.000000
281474976710655.000000	53.388653	10881	144398417920.000000
281474976710655.000000	172.000854	10882	144399466496.000000
281474976710655.000000	55.070969	10883	144400515072.000000
281474976710655.000000	41.524628	10884	144401547264.000000
281474976710655.000000	54.184475	10885	144402595840.000000
281474976710655.000000	Inf	10886	144403644416.000000
281474976710655.000000	40.966656	10887	144404692992.000000
281474976710655.000000	165.002701	10888	144405725184.000000
281474976710655.000000	167.545563	10889	144406773760.000000
281474976710655.000000	42.177181	10890	144407822336.000000
281474976710655.000000	81.693375	10891	144408854528.000000
281474976710655.000000	84.841431	10892	144409903104.000000
281474976710655.000000	42.396912	10893	144410951680.000000
281474976710655.000000	84.035767	10894	144412000256.000000
281474976710655.000000	52.190437	10895	144413032448.000000
281474976710655.000000	169.980225	10896	144414081024.000000
281474976710655.000000	85.876625	10897	144415129600.000000
281474976710655.000000	82.189926	10898	144416161792.000000
281474976710655.000000	53.605938	10899	144417210368.000000
281474976710655.000000	83.803749	10900	144418258944.000000
281474976710655.000000	163.713257	10901	144419291136.000000
281474976710655.000000	41.790165	10902	144420339712.000000
281474976710655.000000	Inf	10903	144421388288.000000
281474976710655.000000	81.663498	10904	144422436864.000000
281474976710655.000000	85.418114	10905	144423469056.000000
281474976710655.000000	Inf	10906	144424517632.000000
281474976710655.000000	169.109695	10907	144425566208.000000
281474976710655.000000	83.674347	10908	144426598400.000000
281474976710655.000000	43.171478	10909	144427646976.000000
281474976710655.000000	84.409119	10910	144428695552.000000
281474976710655.000000	82.011887	10911	144429727744.000000
281474976710655.000000	85.540344	10912	144430776320.000000
281474976710655.000000	82.329765	10913	144431824896.000000
281474976710655.000000	83.989586	10914	144432873472.000000
281474976710655.000000	81.535217	10915	144433905664.000000
281474976710655.000000	55.916359	10916	144434954240.000000
281474976710655.000000	174.240845	10917	144436002816.000000
281474976710655.000000	83.149925	10918	144437035008.000000
281474976710655.000000	54.098103	10919	144438083584.000000
281474976710655.000000	171.981110	10920	144439132160.000000
281474976710655.000000	40.293278	10921	144440164352.000000
281474976710655.000000	169.776581	10922	144441212928.000000
281474976710655.000000	85.004807	10923	144442261504.000000
281474976710655.000000	55.853714	10924	144443310080.000000
281474976710655.000000	84.833687	10925	144444342272.000000
281474976710655.000000	86.424232	10926	144445390848.000000
281474976710655.000000	43.685623	10927	144446439424.000000
281474976710655.000000	88.262764	10928	144447471616.000000
281474976710655.000000	40.682213	10929	144448520192.000000
281474976710655.000000	86.562820	10930	144449568768.000000
281474976710655.000000	57.473110	10931	144450600960.000000
281474976710655.000000	166.466751	10932	144451649536.000000
281474976710655.000000	42.908962	10933	144452698112.000000
281474976710655.000000	89.233643	10934	144453746688.000000
281474976710655.000000	82.440941	10935	144454778880.000000
281474976710655.000000	85.339806	10936	144455827456.000000
281474976710655.000000	86.795090	10937	144456876032.000000
281474976710655.000000	78.992447	10938	144457908224.000000
281474976710655.000000	88.810364	10939	144458956800.000000
281474976710655.000000	86.201248	10940	144460005376.000000
281474976710655.000000	Inf	10941	144461037568.000000
281474976710655.000000	Inf	10942	144462086144.000000
281474976710655.000000	80.947807	10943	144463134720.000000
281474976710655.000000	169.376358	10944	144464183296.000000
281474976710655.000000	Inf	10945	144465215488.000000
281474976710655.000000	Inf	10946	144466264064.000000
281474976710655.000000	86.254677	10947	144467312640.000000
281474976710655.000000	83.511330	10948	144468344832.000000
281474976710655.000000	55.636608	10949	144469393408.000000
281474976710655.000000	Inf	10950	144470441984.000000
281474976710655.000000	41.560879	10951	144471474176.000000
281474976710655.000000	42.320435	10952	144472522752.000000
281474976710655.000000	85.791138	10953	144473571328.000000
281474976710655.000000	45.613464	10954	144474619904.000000
281474976710655.000000	167.991776	10955	144475652096.000000
281474976710655.000000	58.168625	10956	144476700672.000000
281474976710655.000000	88.484100	10957	144477749248.000000
281474976710655.000000	Inf	10958	144478781440.000000
281474976710655.000000	86.413185	10959	144479830016.000000
281474976710655.000000	90.153809	10960	144480878592.000000
281474976710655.000000	83.323601	10961	144481910784.000000
281474976710655.000000	42.662327	10962	144482959360.000000
281474976710655.000000	84.150307	10963	144484007936.000000
281474976710655.000000	81.672852	10964	144485056512.000000
281474976710655.000000	86.631706	10965	144486088704.000000
281474976710655.000000	87.623497	10966	144487137280.000000
281474976710655.000000	Inf	10967	144488185856.000000
281474976710655.000000	44.165016	10968	144489218048.000000
281474976710655.000000	84.313156	10969	144490266624.000000
281474976710655.000000	60.731178	10970	144491315200.000000
281474976710655.000000	87.551872	10971	144492347392.000000
281474976710655.000000	85.419594	10972	144493395968.000000
281474976710655.000000	89.025360	10973	144494444544.000000
281474976710655.000000	88.180855	10974	144495493120.000000
281474976710655.000000	87.672577	10975	144496525312.000000
281474976710655.000000	44.307095	10976	144497573888.000000
281474976710655.000000	55.883801	10977	144498622464.000000
281474976710655.000000	56.586426	10978	144499654656.000000
281474976710655.000000	84.988960	10979	144500703232.000000
281474976710655.000000	170.857910	10980	144501751808.000000
281474976710655.000000	90.516617	10981	144502784000.000000
281474976710655.000000	54.508759	10982	144503832576.000000
281474976710655.000000	84.195702	10983	144504881152.000000
281474976710655.000000	88.462784	10984	144505929728.000000
281474976710655.000000	86.500290	10985	144506961920.000000
281474976710655.000000	171.091843	10986	144508010496.000000
281474976710655.000000	91.411690	10987	144509059072.000000
281474976710655.000000	86.800636	10988	144510091264.000000
