crossing time (s)	slope (V/s)	crossing number
281474976710655.000000	39.830608	14359	148124303360.000000
281474976710655.000000	79.725105	14360	148125335552.000000
281474976710655.000000	77.508995	14361	148126384128.000000
281474976710655.000000	75.100655	14362	148127432704.000000
281474976710655.000000	47.998638	14363	148128481280.000000
281474976710655.000000	76.621025	14364	148129513472.000000
281474976710655.000000	40.054623	14365	148130562048.000000
281474976710655.000000	75.659019	14366	148131610624.000000
281474976710655.000000	77.203636	14367	148132642816.000000
281474976710655.000000	39.025013	14368	148133691392.000000
281474976710655.000000	75.202583	14369	148134739968.000000
281474976710655.000000	80.384415	14370	148135772160.000000
281474976710655.000000	81.019188	14371	148136820736.000000
281474976710655.000000	79.413048	14372	148137869312.000000
281474976710655.000000	76.657135	14373	148138917888.000000
281474976710655.000000	79.427078	14374	148139950080.000000
281474976710655.000000	78.936890	14375	148140998656.000000
281474976710655.000000	81.220085	14376	148142047232.000000
281474976710655.000000	79.824425	14377	148143079424.000000
281474976710655.000000	53.061062	14378	148144128000.000000
281474976710655.000000	77.192711	14379	148145176576.000000
281474976710655.000000	39.734615	14380	148146208768.000000
281474976710655.000000	156.815948	14381	148147273728.000000
281474976710655.000000	79.975090	14382	148148289536.000000
281474976710655.000000	79.987801	14383	148149354496.000000
281474976710655.000000	82.235382	14384	148150386688.000000
281474976710655.000000	54.514927	14385	148151435264.000000
281474976710655.000000	79.514252	14386	148152467456.000000
281474976710655.000000	41.747402	14387	148153532416.000000
281474976710655.000000	39.252110	14388	148154564608.000000
281474976710655.000000	62.901779	14389	148155613184.000000
281474976710655.000000	79.522110	14390	148156645376.000000
281474976710655.000000	81.589973	14391	148157693952.000000
281474976710655.000000	Inf	14392	148158742528.000000
281474976710655.000000	83.550217	14393	148159791104.000000
281474976710655.000000	80.718864	14394	148160823296.000000
281474976710655.000000	163.983658	14395	148161871872.000000
281474976710655.000000	43.818001	14396	148162904064.000000
281474976710655.000000	81.411537	14397	148163969024.000000
281474976710655.000000	123.376328	14398	148165001216.000000
281474976710655.000000	Inf	14399	148166049792.000000
281474976710655.000000	76.136826	14400	148167081984.000000
281474976710655.000000	84.117348	14401	148168146944.000000
281474976710655.000000	40.522278	14402	148169162752.000000
281474976710655.000000	81.361107	14403	148170227712.000000
281474976710655.000000	78.912300	14404	148171259904.000000
281474976710655.000000	83.232895	14405	148172308480.000000
281474976710655.000000	164.223480	14406	148173340672.000000
281474976710655.000000	54.765507	14407	148174405632.000000
281474976710655.000000	54.891762	14408	148175437824.000000
281474976710655.000000	42.618191	14409	148176486400.000000
281474976710655.000000	169.327179	14410	148177518592.000000
281474976710655.000000	168.244751	14411	148178583552.000000
281474976710655.000000	81.340637	14412	148179599360.000000
281474976710655.000000	82.634865	14413	148180664320.000000
281474976710655.000000	80.426544	14414	148181696512.000000
281474976710655.000000	82.150436	14415	148182761472.000000
281474976710655.000000	40.066822	14416	148183777280.000000
281474976710655.000000	171.050507	14417	148184842240.000000
281474976710655.000000	54.480988	14418	148185874432.000000
281474976710655.000000	79.805779	14419	148186923008.000000
281474976710655.000000	86.669739	14420	148187955200.000000
281474976710655.000000	161.798447	14421	148189003776.000000
281474976710655.000000	44.554131	14422	148190052352.000000
281474976710655.000000	84.929039	14423	148191100928.000000
281474976710655.000000	84.524765	14424	148192133120.000000
281474976710655.000000	43.411095	14425	148193181696.000000
281474976710655.000000	84.174942	14426	148194230272.000000
281474976710655.000000	85.507996	14427	148195278848.000000
281474976710655.000000	85.976929	14428	148196311040.000000
281474976710655.000000	83.968269	14429	148197359616.000000
281474976710655.000000	85.881538	14430	148198391808.000000
281474976710655.000000	40.810966	14431	148199456768.000000
281474976710655.000000	84.624184	14432	148200488960.000000
281474976710655.000000	83.317780	14433	148201537536.000000
281474976710655.000000	83.102859	14434	148202569728.000000
281474976710655.000000	85.843597	14435	148203618304.000000
281474976710655.000000	86.400482	14436	148204650496.000000
281474976710655.000000	83.872795	14437	148205715456.000000
281474976710655.000000	85.956276	14438	148206747648.000000
281474976710655.000000	87.290344	14439	148207796224.000000
281474976710655.000000	171.521912	14440	148208828416.000000
281474976710655.000000	56.453815	14441	148209876992.000000
281474976710655.000000	43.497795	14442	148210925568.000000
281474976710655.000000	84.514496	14443	148211974144.000000
281474976710655.000000	83.353653	14444	148213006336.000000
281474976710655.000000	56.524666	14445	148214054912.000000
281474976710655.000000	86.606895	14446	148215103488.000000
281474976710655.000000	89.497131	14447	148216152064.000000
281474976710655.000000	42.946518	14448	148217184256.000000
281474976710655.000000	87.651772	14449	148218232832.000000
281474976710655.000000	87.059273	14450	148219265024.000000
281474976710655.000000	85.367599	14451	148220329984.000000
281474976710655.000000	85.385490	14452	148221362176.000000
281474976710655.000000	43.294312	14453	148222410752.000000
281474976710655.000000	86.727539	14454	148223442944.000000
281474976710655.000000	84.251335	14455	148224507904.000000
281474976710655.000000	92.811974	14456	148225523712.000000
281474976710655.000000	88.397827	14457	148226588672.000000
281474976710655.000000	177.233978	14458	148227620864.000000
281474976710655.000000	Inf	14459	148228669440.000000
281474976710655.000000	87.721535	14460	148229701632.000000
281474976710655.000000	89.846924	14461	148230766592.000000
281474976710655.000000	44.585171	14462	148231798784.000000
281474976710655.000000	90.139832	14463	148232847360.000000
281474976710655.000000	84.421051	14464	148233879552.000000
281474976710655.000000	57.637299	14465	148234928128.000000
281474976710655.000000	85.853378	14466	148235976704.000000
281474976710655.000000	87.029442	14467	148237025280.000000
281474976710655.000000	182.758102	14468	148238057472.000000
281474976710655.000000	90.548950	14469	148239106048.000000
281474976710655.000000	178.722946	14470	148240154624.000000
281474976710655.000000	90.491669	14471	148241186816.000000
281474976710655.000000	85.361534	14472	148242235392.000000
281474976710655.000000	173.063171	14473	148243283968.000000
281474976710655.000000	87.954002	14474	148244316160.000000
281474976710655.000000	87.243179	14475	148245381120.000000
281474976710655.000000	90.387535	14476	148246396928.000000
281474976710655.000000	59.031326	14477	148247461888.000000
281474976710655.000000	89.770851	14478	148248494080.000000
281474976710655.000000	44.098167	14479	148249542656.000000
281474976710655.000000	46.746189	14480	148250574848.000000
281474976710655.000000	86.442848	14481	148251639808.000000
281474976710655.000000	89.918388	14482	148252672000.000000
281474976710655.000000	59.915028	14483	148253720576.000000
281474976710655.000000	44.133591	14484	148254752768.000000
281474976710655.000000	Inf	14485	148255817728.000000
281474976710655.000000	90.969841	14486	148256833536.000000
281474976710655.000000	184.231567	14487	148257898496.000000
281474976710655.000000	94.054932	14488	148258930688.000000
281474976710655.000000	89.778984	14489	148259979264.000000
281474976710655.000000	89.517357	14490	148261011456.000000
281474976710655.000000	181.838577	14491	148262076416.000000
281474976710655.000000	88.102798	14492	148263108608.000000
281474976710655.000000	44.739807	14493	148264157184.000000
281474976710655.000000	91.369026	14494	148265189376.000000
281474976710655.000000	49.362694	14495	148266237952.000000
281474976710655.000000	60.781681	14496	148267286528.000000
281474976710655.000000	89.427910	14497	148268335104.000000
281474976710655.000000	93.570511	14498	148269367296.000000
281474976710655.000000	176.952148	14499	148270415872.000000
281474976710655.000000	96.694229	14500	148271464448.000000
281474976710655.000000	94.488937	14501	148272496640.000000
281474976710655.000000	93.277344	14502	148273545216.000000
281474976710655.000000	Inf	14503	148274593792.000000
281474976710655.000000	86.732445	14504	148275625984.000000
281474976710655.000000	183.855453	14505	148276674560.000000
281474976710655.000000	47.566231	14506	148277723136.000000
281474976710655.000000	186.759247	14507	148278771712.000000
281474976710655.000000	61.377659	14508	148279803904.000000
281474976710655.000000	60.267200	14509	148280852480.000000
281474976710655.000000	181.734375	14510	148281884672.000000
281474976710655.000000	92.949379	14511	148282949632.000000
281474976710655.000000	94.009422	14512	148283981824.000000
281474976710655.000000	91.394157	14513	148285030400.000000
281474976710655.000000	93.592003	14514	148286062592.000000
281474976710655.000000	Inf	14515	148287127552.000000
281474976710655.000000	93.225693	14516	148288159744.000000
281474976710655.000000	38.916138	14517	148289208320.000000
281474976710655.000000	186.309067	14518	148290240512.000000
281474976710655.000000	92.680664	14519	148291289088.000000
281474976710655.000000	94.199440	14520	148292321280.000000
281474976710655.000000	92.772606	14521	148293386240.000000
281474976710655.000000	89.995819	14522	148294418432.000000
281474976710655.000000	62.036701	14523	148295467008.000000
281474976710655.000000	61.935680	14524	148296499200.000000
281474976710655.000000	93.315582	14525	148297564160.000000
281474976710655.000000	94.382767	14526	148298596352.000000
281474976710655.000000	93.785080	14527	148299644928.000000
281474976710655.000000	Inf	14528	148300677120.000000
281474976710655.000000	45.063194	14529	148301725696.000000
281474976710655.000000	91.307442	14530	148302757888.000000
281474976710655.000000	Inf	14531	148303822848.000000
281474976710655.000000	Inf	14532	148304855040.000000
281474976710655.000000	Inf	14533	148305903616.000000
281474976710655.000000	46.390739	14534	148306935808.000000
281474976710655.000000	93.746307	14535	148308000768.000000
281474976710655.000000	91.411797	14536	148309032960.000000
281474976710655.000000	91.738495	14537	148310081536.000000
281474976710655.000000	96.578979	14538	148311113728.000000
281474976710655.000000	95.335281	14539	148312162304.000000
281474976710655.000000	Inf	14540	148313210880.000000
281474976710655.000000	96.001747	14541	148314259456.000000
281474976710655.000000	47.586372	14542	148315291648.000000
281474976710655.000000	100.810379	14543	148316340224.000000
281474976710655.000000	Inf	14544	148317388800.000000
281474976710655.000000	91.408607	14545	148318420992.000000
