num crossings	time (s)	maj axis (mm)	min axis (mm)	theta (rad )	slope (V/s)
12055	145658.698492	75.529241	5.344976	2.632823	72.614661
12057	145660.784376	75.675441	7.096082	2.634360	74.257994
12059	145662.871163	76.299088	6.655013	2.634272	75.372332
12061	145664.956772	75.518477	5.400361	2.634441	77.697950
12063	145667.043638	75.041698	5.332241	2.637745	74.230809
12065	145669.130030	78.893712	6.148249	2.612290	73.548470
12067	145671.216397	75.047913	5.413888	2.638245	72.327760
12069	145673.303520	75.715658	5.555863	2.635464	79.110723
12071	145675.390841	75.674838	5.516649	2.636704	74.235819
12073	145677.477479	72.195629	4.245119	2.673095	75.991653
12075	145679.565469	75.841920	5.575349	2.636359	74.233132
12077	145681.652861	75.242882	5.575469	2.641087	75.178191
12079	145683.739700	78.725031	6.374116	2.639393	76.636078
12081	145685.827690	78.377761	6.414948	2.639410	72.957948
12083	145687.915014	78.963666	6.206286	2.640558	75.938426
12085	145690.003419	79.141853	6.369026	2.618190	77.869386
12087	145692.090867	75.705322	5.776298	2.641886	76.391877
12089	145694.179141	76.377116	7.183647	2.641361	76.335429
12091	145696.267435	75.782707	7.284619	2.643253	76.433975
12093	145698.355503	75.930356	5.855280	2.644081	77.934486
12095	145700.443522	75.926028	5.927970	2.645115	77.767300
12097	145702.531392	72.783494	4.432518	2.682711	77.963283
12099	145704.619867	76.167204	6.006953	2.646524	75.542890
12101	145706.707579	74.075252	8.110267	2.658677	78.138526
12103	145708.795285	75.491823	5.794718	2.649094	76.533184
12105	145710.882080	75.574239	5.815536	2.648842	75.503896
12107	145712.969836	76.311498	6.131699	2.647716	76.849961
12109	145715.056782	76.340535	6.110267	2.648343	77.093069
12111	145717.143669	76.514876	7.466150	2.653338	77.975072
12113	145719.231447	74.147002	12.723511	2.652446	74.414159
12115	145721.317865	78.912650	6.741347	2.638326	78.125339
12117	145723.405296	76.980011	7.227378	2.651704	77.679401
12119	145725.492339	75.733295	6.115253	2.653131	75.136908
12121	145727.579598	79.167747	6.824775	2.641094	77.863990
12123	145729.667290	74.210403	13.145130	2.654023	75.428529
12125	145731.754492	78.114317	6.769887	2.648977	78.674746
12127	145733.842266	78.617473	6.809858	2.650923	76.663184
12129	145735.929373	79.195826	6.848197	2.641581	77.320991
12131	145738.017310	74.289249	11.213660	2.662699	76.102331
12133	145740.104856	76.634948	6.348729	2.653219	76.108227
12135	145742.192500	74.975556	5.805097	2.684595	78.173927
12137	145744.279941	79.228498	7.038217	2.645645	76.626473
12139	145746.367609	79.620042	6.967372	2.645359	75.316922
12141	145748.453869	76.151400	6.269221	2.659874	76.983349
12143	145750.541624	79.581840	6.917908	2.649834	74.976130
12145	145752.627714	80.334096	7.055957	2.640689	79.638532
12147	145754.714703	77.382017	8.257371	2.662082	78.750123
12149	145756.800786	76.710082	6.571739	2.661215	79.843207
12151	145758.887810	76.741139	6.561775	2.662057	77.254726
12153	145760.974416	76.341123	6.514915	2.664663	77.186880
12155	145763.061504	80.983628	7.352087	2.642505	76.367960
12157	145765.147950	76.312663	6.585823	2.666511	76.504959
12159	145767.235395	80.385585	7.555002	2.646894	77.790871
12161	145769.322900	76.768595	6.672096	2.664678	78.678758
12163	145771.410197	77.282317	8.235674	2.666227	76.590353
12165	145773.496926	77.327090	8.301809	2.666660	80.360146
12167	145775.584103	76.855186	6.743836	2.666776	78.129092
12169	145777.672057	76.856360	6.783556	2.667583	76.366206
12171	145779.758861	76.371068	6.773877	2.670969	79.441719
12173	145781.846736	79.813310	7.162505	2.663900	79.140307
12175	145783.934160	77.042429	6.959390	2.669279	76.367552
12177	145786.022013	73.556422	5.145271	2.706997	78.589145
12179	145788.110061	77.028944	6.971015	2.671550	76.960317
12181	145790.197638	73.589928	5.263859	2.709604	78.397251
12183	145792.285485	77.072208	7.004065	2.674011	78.207446
12185	145794.373219	76.982872	7.022103	2.674871	78.799134
12187	145796.461075	73.992928	5.383157	2.710809	77.032551
12189	145798.549771	79.590229	7.600982	2.664889	79.968466
12191	145800.637061	76.479093	6.860738	2.678755	78.713513
12193	145802.724447	79.891202	7.860937	2.663019	78.936440
12195	145804.811853	74.797585	10.775794	2.693925	76.453843
12197	145806.899078	77.239518	7.227033	2.678227	77.725881
12199	145808.986599	76.749094	7.065093	2.682200	77.778639
12201	145811.073684	80.333691	7.679714	2.671860	77.991654
12203	145813.160955	79.907669	7.943110	2.669172	75.870402
12205	145815.248279	77.726925	8.448437	2.683257	78.537074
12207	145817.334852	76.710273	7.191834	2.684823	80.668956
12209	145819.422640	76.532205	7.331352	2.685247	77.819441
12211	145821.510069	79.825025	8.038176	2.675615	76.119777
12213	145823.597562	77.260000	7.314955	2.683908	76.897168
12215	145825.684211	77.220823	7.332526	2.684691	76.632145
12217	145827.772204	76.804500	7.317382	2.688612	79.069072
12219	145829.859091	77.328346	7.408162	2.686334	80.067012
12221	145831.946497	76.346864	7.837684	2.716435	77.105009
12223	145834.033428	80.711109	8.022883	2.679917	76.730720
12225	145836.120949	77.455274	7.450291	2.689679	79.180621
12227	145838.208199	77.024241	7.434719	2.695217	77.994367
12229	145840.295385	80.850231	7.899021	2.680726	80.615914
12231	145842.382168	76.931341	7.319834	2.694826	78.844035
12233	145844.469061	80.971904	8.229163	2.678111	77.376500
12235	145846.556091	74.125320	5.954691	2.730466	77.971721
12237	145848.642893	79.788278	8.032201	2.682370	78.752604
12239	145850.729680	80.535020	7.866294	2.684177	80.255386
12241	145852.816741	80.783103	7.807266	2.684664	80.330790
12243	145854.903847	80.581631	8.715582	2.687824	78.507729
12245	145856.990553	77.319220	7.677034	2.700689	78.611057
12247	145859.077165	75.021059	4.383715	2.736812	79.823202
12249	145861.164833	81.053091	8.076692	2.689740	79.144112
12251	145863.252300	81.205982	8.685742	2.687782	79.934879
12253	145865.339267	77.452840	7.793457	2.703959	79.747880
12255	145867.426489	77.046635	7.744822	2.705843	79.835522
12257	145869.513789	77.395863	7.837969	2.705083	76.197719
12259	145871.601290	76.993019	7.815698	2.708073	79.552187
12261	145873.687838	77.043042	7.791298	2.707450	80.045157
12263	145875.775780	77.467120	7.932162	2.707501	77.509481
12265	145877.863420	75.302588	4.538210	2.744091	78.944778
12267	145879.951118	80.592115	8.097368	2.698635	80.554325
12269	145882.039279	81.280574	8.248754	2.693251	76.162468
12271	145884.125646	81.200278	8.867398	2.696170	79.339301
12273	145886.213316	77.545788	8.053150	2.713085	79.540902
12275	145888.301884	77.509458	8.092505	2.714082	77.852204
12277	145890.388691	77.570574	8.091393	2.714701	81.621050
12279	145892.476642	77.592159	8.116922	2.715788	82.600287
12281	145894.564393	77.664517	8.138426	2.716802	77.770978
