crossing time (s)	slope (V/s)	crossing number
281474976710655.000000	74.909447	12055	145659936768.000000
281474976710655.000000	55.425484	12056	145660985344.000000
281474976710655.000000	58.007866	12057	145662033920.000000
281474976710655.000000	154.621414	12058	145663066112.000000
281474976710655.000000	163.592102	12059	145664114688.000000
281474976710655.000000	76.460815	12060	145665146880.000000
281474976710655.000000	119.482368	12061	145666211840.000000
281474976710655.000000	49.571758	12062	145667244032.000000
281474976710655.000000	152.344589	12063	145668292608.000000
281474976710655.000000	71.615372	12064	145669324800.000000
281474976710655.000000	75.716728	12065	145670389760.000000
281474976710655.000000	75.448730	12066	145671405568.000000
281474976710655.000000	76.402756	12067	145672470528.000000
281474976710655.000000	57.496239	12068	145673502720.000000
281474976710655.000000	158.084564	12069	145674551296.000000
281474976710655.000000	74.098610	12070	145675583488.000000
281474976710655.000000	77.088844	12071	145676648448.000000
281474976710655.000000	37.909954	12072	145677680640.000000
281474976710655.000000	78.418541	12073	145678729216.000000
281474976710655.000000	154.753510	12074	145679761408.000000
281474976710655.000000	81.168999	12075	145680826368.000000
281474976710655.000000	74.518120	12076	145681842176.000000
281474976710655.000000	79.125145	12077	145682907136.000000
281474976710655.000000	156.020996	12078	145683939328.000000
281474976710655.000000	75.163078	12079	145684987904.000000
281474976710655.000000	78.490555	12080	145686020096.000000
281474976710655.000000	50.469196	12081	145687085056.000000
281474976710655.000000	48.258064	12082	145688117248.000000
281474976710655.000000	39.185078	12083	145689165824.000000
281474976710655.000000	75.003563	12084	145690198016.000000
281474976710655.000000	77.480209	12085	145691262976.000000
281474976710655.000000	72.180260	12086	145692295168.000000
281474976710655.000000	74.835503	12087	145693343744.000000
281474976710655.000000	79.843353	12088	145694375936.000000
281474976710655.000000	40.598190	12089	145695424512.000000
281474976710655.000000	71.715790	12090	145696456704.000000
281474976710655.000000	77.955139	12091	145697521664.000000
281474976710655.000000	39.388882	12092	145698553856.000000
281474976710655.000000	154.340408	12093	145699602432.000000
281474976710655.000000	76.645226	12094	145700634624.000000
281474976710655.000000	152.670685	12095	145701683200.000000
281474976710655.000000	36.719616	12096	145702731776.000000
281474976710655.000000	53.034138	12097	145703780352.000000
281474976710655.000000	74.345284	12098	145704812544.000000
281474976710655.000000	78.060829	12099	145705861120.000000
281474976710655.000000	78.665596	12100	145706909696.000000
281474976710655.000000	40.472374	12101	145707941888.000000
281474976710655.000000	154.139694	12102	145708990464.000000
281474976710655.000000	37.789257	12103	145710039040.000000
281474976710655.000000	75.374664	12104	145711071232.000000
281474976710655.000000	51.105324	12105	145712119808.000000
281474976710655.000000	77.030128	12106	145713168384.000000
281474976710655.000000	Inf	12107	145714216960.000000
281474976710655.000000	80.603485	12108	145715249152.000000
281474976710655.000000	80.537857	12109	145716297728.000000
281474976710655.000000	77.110550	12110	145717346304.000000
281474976710655.000000	74.292824	12111	145718378496.000000
281474976710655.000000	158.193863	12112	145719427072.000000
281474976710655.000000	79.332428	12113	145720475648.000000
281474976710655.000000	145.236847	12114	145721507840.000000
281474976710655.000000	74.660065	12115	145722556416.000000
281474976710655.000000	157.455643	12116	145723604992.000000
281474976710655.000000	77.284439	12117	145724653568.000000
281474976710655.000000	118.994118	12118	145725685760.000000
281474976710655.000000	76.480431	12119	145726734336.000000
281474976710655.000000	37.997997	12120	145727782912.000000
281474976710655.000000	77.400818	12121	145728815104.000000
281474976710655.000000	150.268021	12122	145729863680.000000
281474976710655.000000	Inf	12123	145730912256.000000
281474976710655.000000	78.339867	12124	145731944448.000000
281474976710655.000000	38.289410	12125	145732993024.000000
281474976710655.000000	72.855591	12126	145734041600.000000
281474976710655.000000	79.574638	12127	145735090176.000000
281474976710655.000000	119.903534	12128	145736122368.000000
281474976710655.000000	148.781403	12129	145737170944.000000
281474976710655.000000	51.283436	12130	145738219520.000000
281474976710655.000000	78.766022	12131	145739251712.000000
281474976710655.000000	76.592216	12132	145740300288.000000
281474976710655.000000	77.719307	12133	145741348864.000000
281474976710655.000000	76.745674	12134	145742381056.000000
281474976710655.000000	37.730888	12135	145743429632.000000
281474976710655.000000	80.622223	12136	145744478208.000000
281474976710655.000000	58.226715	12137	145745510400.000000
281474976710655.000000	52.774757	12138	145746558976.000000
281474976710655.000000	77.444023	12139	145747607552.000000
281474976710655.000000	75.704132	12140	145748656128.000000
281474976710655.000000	76.286331	12141	145749688320.000000
281474976710655.000000	50.921516	12142	145750736896.000000
281474976710655.000000	40.439758	12143	145751785472.000000
281474976710655.000000	76.026039	12144	145752817664.000000
281474976710655.000000	78.055290	12145	145753866240.000000
281474976710655.000000	154.335159	12146	145754914816.000000
281474976710655.000000	79.988670	12147	145755963392.000000
281474976710655.000000	83.558769	12148	145756995584.000000
281474976710655.000000	78.045502	12149	145758044160.000000
281474976710655.000000	154.590027	12150	145759076352.000000
281474976710655.000000	80.798828	12151	145760124928.000000
281474976710655.000000	37.183399	12152	145761173504.000000
281474976710655.000000	39.060413	12153	145762222080.000000
281474976710655.000000	79.087624	12154	145763254272.000000
281474976710655.000000	76.783569	12155	145764302848.000000
281474976710655.000000	76.422867	12156	145765351424.000000
281474976710655.000000	38.808708	12157	145766400000.000000
281474976710655.000000	39.033134	12158	145767432192.000000
281474976710655.000000	77.706528	12159	145768480768.000000
281474976710655.000000	82.120537	12160	145769512960.000000
281474976710655.000000	75.493202	12161	145770577920.000000
281474976710655.000000	37.150875	12162	145771610112.000000
281474976710655.000000	Inf	12163	145772658688.000000
281474976710655.000000	82.066826	12164	145773690880.000000
281474976710655.000000	77.473000	12165	145774739456.000000
281474976710655.000000	159.884033	12166	145775788032.000000
281474976710655.000000	79.606163	12167	145776836608.000000
281474976710655.000000	153.388901	12168	145777868800.000000
281474976710655.000000	77.379692	12169	145778917376.000000
281474976710655.000000	74.984367	12170	145779949568.000000
281474976710655.000000	161.169052	12171	145780998144.000000
281474976710655.000000	77.796379	12172	145782046720.000000
281474976710655.000000	162.294830	12173	145783095296.000000
281474976710655.000000	Inf	12174	145784127488.000000
281474976710655.000000	77.015854	12175	145785176064.000000
281474976710655.000000	52.069359	12176	145786224640.000000
281474976710655.000000	77.846642	12177	145787273216.000000
281474976710655.000000	52.077782	12178	145788305408.000000
281474976710655.000000	81.572823	12179	145789353984.000000
281474976710655.000000	157.510956	12180	145790386176.000000
281474976710655.000000	80.675163	12181	145791434752.000000
281474976710655.000000	38.356499	12182	145792483328.000000
281474976710655.000000	79.892456	12183	145793531904.000000
281474976710655.000000	76.245392	12184	145794564096.000000
281474976710655.000000	52.628647	12185	145795612672.000000
281474976710655.000000	79.017868	12186	145796661248.000000
281474976710655.000000	51.685795	12187	145797693440.000000
281474976710655.000000	79.580544	12188	145798742016.000000
281474976710655.000000	84.796745	12189	145799790592.000000
281474976710655.000000	51.674728	12190	145800839168.000000
281474976710655.000000	52.036472	12191	145801871360.000000
281474976710655.000000	77.759209	12192	145802919936.000000
281474976710655.000000	81.199226	12193	145803952128.000000
281474976710655.000000	80.432785	12194	145805000704.000000
281474976710655.000000	72.230057	12195	145806049280.000000
281474976710655.000000	79.056145	12196	145807097856.000000
281474976710655.000000	77.933342	12197	145808130048.000000
281474976710655.000000	40.033257	12198	145809178624.000000
281474976710655.000000	80.285667	12199	145810227200.000000
281474976710655.000000	152.580551	12200	145811275776.000000
281474976710655.000000	50.491058	12201	145812307968.000000
281474976710655.000000	37.991695	12202	145813356544.000000
281474976710655.000000	152.713257	12203	145814388736.000000
281474976710655.000000	80.496559	12204	145815437312.000000
281474976710655.000000	76.799706	12205	145816485888.000000
281474976710655.000000	161.013519	12206	145817534464.000000
281474976710655.000000	39.132534	12207	145818566656.000000
281474976710655.000000	158.640961	12208	145819615232.000000
281474976710655.000000	78.144356	12209	145820663808.000000
281474976710655.000000	161.834930	12210	145821712384.000000
281474976710655.000000	79.983070	12211	145822744576.000000
281474976710655.000000	Inf	12212	145823793152.000000
281474976710655.000000	51.309315	12213	145824825344.000000
281474976710655.000000	80.577553	12214	145825873920.000000
281474976710655.000000	155.264801	12215	145826922496.000000
281474976710655.000000	79.473366	12216	145827971072.000000
281474976710655.000000	80.890862	12217	145829003264.000000
281474976710655.000000	41.068314	12218	145830051840.000000
281474976710655.000000	79.759689	12219	145831100416.000000
281474976710655.000000	59.333771	12220	145832148992.000000
281474976710655.000000	40.864819	12221	145833181184.000000
281474976710655.000000	40.378452	12222	145834229760.000000
281474976710655.000000	52.336178	12223	145835261952.000000
281474976710655.000000	77.334091	12224	145836310528.000000
281474976710655.000000	38.440731	12225	145837359104.000000
281474976710655.000000	78.316322	12226	145838407680.000000
281474976710655.000000	84.189072	12227	145839439872.000000
281474976710655.000000	52.102142	12228	145840488448.000000
281474976710655.000000	81.929871	12229	145841537024.000000
281474976710655.000000	122.026436	12230	145842585600.000000
281474976710655.000000	79.803955	12231	145843617792.000000
281474976710655.000000	Inf	12232	145844666368.000000
281474976710655.000000	82.320786	12233	145845714944.000000
281474976710655.000000	77.857300	12234	145846747136.000000
281474976710655.000000	77.964890	12235	145847795712.000000
281474976710655.000000	80.343918	12236	145848844288.000000
281474976710655.000000	79.539955	12237	145849876480.000000
281474976710655.000000	37.499115	12238	145850925056.000000
281474976710655.000000	80.025848	12239	145851973632.000000
281474976710655.000000	79.542595	12240	145853005824.000000
281474976710655.000000	79.166344	12241	145854054400.000000
281474976710655.000000	77.500832	12242	145855102976.000000
281474976710655.000000	79.356888	12243	145856151552.000000
281474976710655.000000	76.449310	12244	145857183744.000000
281474976710655.000000	82.101624	12245	145858232320.000000
281474976710655.000000	76.759346	12246	145859280896.000000
281474976710655.000000	77.684303	12247	145860313088.000000
281474976710655.000000	122.056480	12248	145861361664.000000
281474976710655.000000	38.521011	12249	145862410240.000000
281474976710655.000000	51.673592	12250	145863442432.000000
281474976710655.000000	41.202644	12251	145864491008.000000
281474976710655.000000	39.071392	12252	145865539584.000000
281474976710655.000000	78.196526	12253	145866588160.000000
281474976710655.000000	39.305717	12254	145867620352.000000
281474976710655.000000	79.717827	12255	145868668928.000000
281474976710655.000000	158.494217	12256	145869717504.000000
281474976710655.000000	84.547897	12257	145870749696.000000
281474976710655.000000	77.446175	12258	145871798272.000000
281474976710655.000000	81.820366	12259	145872846848.000000
281474976710655.000000	77.818024	12260	145873879040.000000
281474976710655.000000	87.225563	12261	145874927616.000000
281474976710655.000000	79.627327	12262	145875976192.000000
281474976710655.000000	40.219158	12263	145877024768.000000
281474976710655.000000	76.205261	12264	145878056960.000000
281474976710655.000000	76.790215	12265	145879105536.000000
281474976710655.000000	75.391159	12266	145880154112.000000
281474976710655.000000	87.305603	12267	145881186304.000000
281474976710655.000000	162.350540	12268	145882234880.000000
281474976710655.000000	82.962296	12269	145883283456.000000
281474976710655.000000	78.365494	12270	145884315648.000000
281474976710655.000000	77.273018	12271	145885364224.000000
281474976710655.000000	121.791931	12272	145886412800.000000
281474976710655.000000	88.089333	12273	145887444992.000000
281474976710655.000000	41.593071	12274	145888493568.000000
281474976710655.000000	161.531891	12275	145889542144.000000
281474976710655.000000	69.411179	12276	145890590720.000000
281474976710655.000000	55.923107	12277	145891622912.000000
281474976710655.000000	158.823608	12278	145892671488.000000
281474976710655.000000	80.603798	12279	145893720064.000000
281474976710655.000000	79.933937	12280	145894768640.000000
281474976710655.000000	Inf	12281	145895800832.000000
281474976710655.000000	50.953171	12282	145896849408.000000
