crossing time (s)	slope (V/s)	crossing number
281474976710655.000000	13.163535	12524	67985633280.000000
281474976710655.000000	13.941032	12525	67986673664.000000
281474976710655.000000	12.667495	12526	67987718144.000000
281474976710655.000000	12.186488	12527	67988758528.000000
281474976710655.000000	12.675570	12528	67989811200.000000
281474976710655.000000	14.092156	12529	67990847488.000000
281474976710655.000000	13.940461	12530	67991896064.000000
281474976710655.000000	13.628808	12531	67992932352.000000
281474976710655.000000	14.479284	12532	67993980928.000000
281474976710655.000000	14.596940	12533	67995017216.000000
281474976710655.000000	14.237528	12534	67996065792.000000
281474976710655.000000	14.424938	12535	67997106176.000000
281474976710655.000000	12.969847	12536	67998154752.000000
281474976710655.000000	13.879378	12537	67999191040.000000
281474976710655.000000	13.158418	12538	68000239616.000000
281474976710655.000000	13.028846	12539	68001280000.000000
281474976710655.000000	14.267484	12540	68002328576.000000
281474976710655.000000	14.745648	12541	68003364864.000000
281474976710655.000000	14.546528	12542	68004413440.000000
281474976710655.000000	13.323430	12543	68005453824.000000
281474976710655.000000	13.709458	12544	68006498304.000000
281474976710655.000000	12.891460	12545	68007542784.000000
281474976710655.000000	12.500634	12546	68008583168.000000
281474976710655.000000	13.598763	12547	68009631744.000000
281474976710655.000000	14.604998	12548	68010663936.000000
281474976710655.000000	14.003091	12549	68011720704.000000
281474976710655.000000	14.307899	12550	68012748800.000000
281474976710655.000000	13.279494	12551	68013805568.000000
281474976710655.000000	13.096580	12552	68014837760.000000
281474976710655.000000	13.179086	12553	68015894528.000000
281474976710655.000000	13.922523	12554	68016926720.000000
281474976710655.000000	14.394616	12555	68017975296.000000
281474976710655.000000	14.053630	12556	68019015680.000000
281474976710655.000000	13.330104	12557	68020056064.000000
281474976710655.000000	13.720454	12558	68021104640.000000
281474976710655.000000	12.925874	12559	68022145024.000000
281474976710655.000000	14.163388	12560	68023193600.000000
281474976710655.000000	14.082553	12561	68024229888.000000
281474976710655.000000	14.048353	12562	68025278464.000000
281474976710655.000000	14.050642	12563	68026318848.000000
281474976710655.000000	13.668283	12564	68027363328.000000
281474976710655.000000	13.220718	12565	68028403712.000000
281474976710655.000000	13.423585	12566	68029448192.000000
281474976710655.000000	13.149857	12567	68030492672.000000
281474976710655.000000	13.599264	12568	68031533056.000000
281474976710655.000000	13.919500	12569	68032581632.000000
281474976710655.000000	13.727989	12570	68033622016.000000
281474976710655.000000	14.127617	12571	68034666496.000000
281474976710655.000000	13.717215	12572	68035706880.000000
281474976710655.000000	13.074690	12573	68036755456.000000
281474976710655.000000	13.721384	12574	68037791744.000000
281474976710655.000000	13.595729	12575	68038840320.000000
281474976710655.000000	13.688075	12576	68039880704.000000
281474976710655.000000	14.017108	12577	68040925184.000000
281474976710655.000000	13.671994	12578	68041969664.000000
281474976710655.000000	13.976886	12579	68043010048.000000
281474976710655.000000	13.843320	12580	68044054528.000000
281474976710655.000000	13.914144	12581	68045094912.000000
281474976710655.000000	14.121343	12582	68046143488.000000
281474976710655.000000	13.308340	12583	68047183872.000000
281474976710655.000000	13.707492	12584	68048228352.000000
281474976710655.000000	13.848721	12585	68049268736.000000
281474976710655.000000	13.096300	12586	68050317312.000000
281474976710655.000000	14.159165	12587	68051353600.000000
281474976710655.000000	13.640165	12588	68052402176.000000
281474976710655.000000	13.549913	12589	68053446656.000000
281474976710655.000000	13.345572	12590	68054482944.000000
281474976710655.000000	13.875955	12591	68055535616.000000
281474976710655.000000	13.694379	12592	68056567808.000000
281474976710655.000000	13.638232	12593	68057624576.000000
281474976710655.000000	13.305647	12594	68058652672.000000
281474976710655.000000	13.549578	12595	68059709440.000000
281474976710655.000000	14.102914	12596	68060741632.000000
281474976710655.000000	14.299151	12597	68061798400.000000
281474976710655.000000	13.927676	12598	68062826496.000000
281474976710655.000000	14.158516	12599	68063883264.000000
281474976710655.000000	13.629216	12600	68064915456.000000
281474976710655.000000	13.379961	12601	68065964032.000000
281474976710655.000000	13.515413	12602	68067004416.000000
281474976710655.000000	13.617427	12603	68068052992.000000
281474976710655.000000	13.695788	12604	68069089280.000000
281474976710655.000000	14.008271	12605	68070137856.000000
281474976710655.000000	14.076725	12606	68071178240.000000
281474976710655.000000	13.983996	12607	68072222720.000000
281474976710655.000000	13.937044	12608	68073267200.000000
281474976710655.000000	14.133856	12609	68074307584.000000
281474976710655.000000	13.660801	12610	68075352064.000000
281474976710655.000000	13.884444	12611	68076396544.000000
281474976710655.000000	13.670667	12612	68077436928.000000
281474976710655.000000	13.476496	12613	68078481408.000000
281474976710655.000000	13.548691	12614	68079521792.000000
281474976710655.000000	13.740645	12615	68080570368.000000
281474976710655.000000	14.046262	12616	68081610752.000000
281474976710655.000000	13.635683	12617	68082659328.000000
281474976710655.000000	13.643229	12618	68083695616.000000
281474976710655.000000	13.367155	12619	68084744192.000000
281474976710655.000000	14.061143	12620	68085780480.000000
281474976710655.000000	13.334337	12621	68086833152.000000
281474976710655.000000	14.239527	12622	68087865344.000000
281474976710655.000000	14.366912	12623	68088922112.000000
281474976710655.000000	13.868232	12624	68089950208.000000
281474976710655.000000	14.007085	12625	68091006976.000000
281474976710655.000000	13.902879	12626	68092039168.000000
281474976710655.000000	13.994330	12627	68093091840.000000
281474976710655.000000	13.191291	12628	68094124032.000000
281474976710655.000000	14.166463	12629	68095176704.000000
281474976710655.000000	13.907107	12630	68096212992.000000
281474976710655.000000	14.064421	12631	68097261568.000000
281474976710655.000000	13.669018	12632	68098301952.000000
281474976710655.000000	13.582998	12633	68099346432.000000
281474976710655.000000	13.555228	12634	68100390912.000000
281474976710655.000000	13.649948	12635	68101431296.000000
281474976710655.000000	13.879344	12636	68102479872.000000
281474976710655.000000	14.016448	12637	68103516160.000000
281474976710655.000000	13.937282	12638	68104564736.000000
281474976710655.000000	14.202365	12639	68105601024.000000
281474976710655.000000	14.424153	12640	68106653696.000000
281474976710655.000000	14.106225	12641	68107689984.000000
281474976710655.000000	13.838798	12642	68108738560.000000
281474976710655.000000	13.922019	12643	68109778944.000000
281474976710655.000000	14.176507	12644	68110823424.000000
281474976710655.000000	13.105878	12645	68111863808.000000
281474976710655.000000	14.195097	12646	68112908288.000000
281474976710655.000000	13.501828	12647	68113952768.000000
281474976710655.000000	13.675792	12648	68114997248.000000
281474976710655.000000	13.907779	12649	68116037632.000000
281474976710655.000000	13.699793	12650	68117082112.000000
281474976710655.000000	13.883377	12651	68118122496.000000
281474976710655.000000	13.115379	12652	68119171072.000000
281474976710655.000000	13.014027	12653	68120211456.000000
281474976710655.000000	14.407959	12654	68121255936.000000
281474976710655.000000	13.603921	12655	68122292224.000000
281474976710655.000000	13.603430	12656	68123344896.000000
281474976710655.000000	14.559534	12657	68124381184.000000
281474976710655.000000	14.327749	12658	68125429760.000000
281474976710655.000000	14.388011	12659	68126470144.000000
281474976710655.000000	13.562562	12660	68127514624.000000
281474976710655.000000	13.781543	12661	68128555008.000000
281474976710655.000000	13.449790	12662	68129599488.000000
281474976710655.000000	13.595263	12663	68130643968.000000
281474976710655.000000	13.613684	12664	68131684352.000000
281474976710655.000000	13.604499	12665	68132732928.000000
281474976710655.000000	13.806412	12666	68133769216.000000
281474976710655.000000	14.029740	12667	68134821888.000000
281474976710655.000000	13.994277	12668	68135854080.000000
281474976710655.000000	14.509013	12669	68136910848.000000
281474976710655.000000	13.754809	12670	68137938944.000000
281474976710655.000000	14.126165	12671	68138995712.000000
281474976710655.000000	13.843041	12672	68140027904.000000
281474976710655.000000	14.130782	12673	68141084672.000000
281474976710655.000000	13.658019	12674	68142112768.000000
281474976710655.000000	13.416378	12675	68143169536.000000
281474976710655.000000	14.391971	12676	68144201728.000000
281474976710655.000000	13.346561	12677	68145254400.000000
281474976710655.000000	13.711747	12678	68146286592.000000
281474976710655.000000	13.567087	12679	68147339264.000000
281474976710655.000000	13.853435	12680	68148371456.000000
281474976710655.000000	13.825375	12681	68149428224.000000
281474976710655.000000	13.841616	12682	68150460416.000000
281474976710655.000000	13.533252	12683	68151513088.000000
281474976710655.000000	13.968534	12684	68152549376.000000
281474976710655.000000	14.149487	12685	68153597952.000000
281474976710655.000000	14.290301	12686	68154634240.000000
281474976710655.000000	13.307920	12687	68155686912.000000
281474976710655.000000	13.958540	12688	68156723200.000000
281474976710655.000000	14.059293	12689	68157771776.000000
281474976710655.000000	13.519990	12690	68158803968.000000
281474976710655.000000	13.982394	12691	68159860736.000000
281474976710655.000000	14.016489	12692	68160892928.000000
281474976710655.000000	14.169415	12693	68161945600.000000
281474976710655.000000	14.294511	12694	68162977792.000000
281474976710655.000000	14.153685	12695	68164034560.000000
281474976710655.000000	13.666052	12696	68165062656.000000
281474976710655.000000	13.467407	12697	68166119424.000000
281474976710655.000000	13.650055	12698	68167151616.000000
281474976710655.000000	14.309280	12699	68168204288.000000
281474976710655.000000	13.722246	12700	68169240576.000000
281474976710655.000000	13.820054	12701	68170289152.000000
281474976710655.000000	14.296268	12702	68171329536.000000
281474976710655.000000	13.841439	12703	68172374016.000000
281474976710655.000000	13.423404	12704	68173418496.000000
281474976710655.000000	13.814344	12705	68174458880.000000
281474976710655.000000	13.273453	12706	68175503360.000000
281474976710655.000000	13.778639	12707	68176543744.000000
281474976710655.000000	13.521269	12708	68177592320.000000
281474976710655.000000	14.260386	12709	68178628608.000000
281474976710655.000000	13.945218	12710	68179677184.000000
281474976710655.000000	13.582107	12711	68180717568.000000
281474976710655.000000	14.306959	12712	68181766144.000000
281474976710655.000000	14.339266	12713	68182802432.000000
281474976710655.000000	13.573281	12714	68183851008.000000
281474976710655.000000	14.329967	12715	68184891392.000000
281474976710655.000000	13.682302	12716	68185935872.000000
281474976710655.000000	13.748071	12717	68186976256.000000
281474976710655.000000	13.249924	12718	68188024832.000000
281474976710655.000000	14.035568	12719	68189061120.000000
281474976710655.000000	14.051997	12720	68190109696.000000
281474976710655.000000	14.223523	12721	68191150080.000000
281474976710655.000000	13.499545	12722	68192198656.000000
281474976710655.000000	14.082109	12723	68193234944.000000
281474976710655.000000	14.081151	12724	68194283520.000000
281474976710655.000000	13.902836	12725	68195319808.000000
281474976710655.000000	13.990924	12726	68196372480.000000
281474976710655.000000	13.979193	12727	68197408768.000000
281474976710655.000000	14.098667	12728	68198457344.000000
281474976710655.000000	13.965118	12729	68199493632.000000
281474976710655.000000	13.526031	12730	68200546304.000000
281474976710655.000000	14.334153	12731	68201582592.000000
281474976710655.000000	13.598964	12732	68202631168.000000
281474976710655.000000	14.192352	12733	68203671552.000000
281474976710655.000000	13.463859	12734	68204711936.000000
281474976710655.000000	13.781291	12735	68205756416.000000
281474976710655.000000	13.636903	12736	68206796800.000000
