time (s)	energy (uJ)	charge (mC)	voltage (mV)	crossing#mod 255
67099.210984	29.920443	0.011670	2.563860	189
67100.243926	31.437551	0.011673	2.693117	190
67101.302286	26.637875	0.011685	2.279752	191
67102.327541	30.333548	0.011694	2.594024	192
67103.379837	31.237215	0.011646	2.682127	193
67104.413041	30.765686	0.011672	2.635844	194
67105.473474	28.560919	0.011689	2.443459	195
67106.507515	25.616745	0.011691	2.191219	196
67107.558999	28.799252	0.011665	2.468785	197
67108.598300	24.506124	0.011691	2.096080	198
67109.649476	25.755310	0.011670	2.206884	199
67110.679013	26.318699	0.011643	2.260475	200
67111.723559	31.937399	0.011657	2.739825	201
67112.769160	26.063700	0.011684	2.230712	202
67113.823245	26.949051	0.011671	2.309002	203
67114.846178	28.690754	0.011631	2.466748	204
67115.903220	29.864882	0.011635	2.566898	205
67116.938565	27.019640	0.011669	2.315565	206
67117.992572	27.991669	0.011681	2.396343	207
67119.027198	27.019478	0.011658	2.317614	208
67120.076645	28.963640	0.011663	2.483335	209
67121.121156	24.075878	0.011682	2.061013	210
67122.153478	33.388142	0.011694	2.855202	211
67123.205902	25.697540	0.011695	2.197221	212
67124.238356	30.869694	0.011660	2.647416	213
67125.295788	25.592920	0.011647	2.197430	214
67126.326725	30.876194	0.011662	2.647509	215
67127.379327	27.862957	0.011665	2.388573	216
67128.412009	30.584188	0.011665	2.621785	217
67129.466780	25.767351	0.011725	2.197551	218
67130.509096	25.690105	0.011692	2.197312	219
67131.545549	27.219645	0.011692	2.328033	220
67132.597049	27.198275	0.011681	2.328384	221
67133.630237	27.234238	0.011681	2.331556	222
67134.686613	24.813787	0.011658	2.128426	223
67135.714670	28.809542	0.011667	2.469305	224
67136.771310	26.243673	0.011644	2.253758	225
67137.808572	25.684027	0.011671	2.200614	226
67138.852820	27.810080	0.011691	2.378812	227
67139.897069	26.033449	0.011693	2.226369	228
67140.929533	32.339092	0.011689	2.766698	229
67141.982099	26.415466	0.011649	2.267561	230
67143.020671	29.156815	0.011668	2.498769	231
67144.071073	26.593269	0.011666	2.279597	232
67145.103598	30.240625	0.011707	2.583045	233
67146.160228	26.370380	0.011674	2.258949	234
67147.192357	28.324324	0.011689	2.423264	235
67148.247592	25.938152	0.011664	2.223765	236
67149.281939	27.295378	0.011659	2.341068	237
67150.333353	25.955490	0.011664	2.225265	238
67151.366924	27.659962	0.011654	2.373411	239
67152.416641	26.663404	0.011650	2.288796	240
67153.451048	28.975943	0.011657	2.485673	241
67154.503520	26.975742	0.011668	2.312026	242
67155.542585	26.230503	0.011659	2.249777	243
67156.591962	26.137148	0.011669	2.239917	244
67157.624544	27.060608	0.011648	2.323104	245
67158.681586	24.607954	0.011730	2.097916	246
67159.717433	24.943634	0.011685	2.134588	247
67160.767435	24.819304	0.011640	2.132274	248
67161.802406	26.509123	0.011667	2.272171	249
67162.845877	28.773058	0.011688	2.461791	250
67163.891151	36.930031	0.011659	3.167619	251
67164.931327	28.247061	0.011661	2.422307	252
67165.979017	27.651545	0.011662	2.371177	253
67167.018416	25.892084	0.011678	2.217223	254
67168.069052	26.353935	0.011666	2.258945	255
67169.097730	28.250484	0.011632	2.428653	0
67170.161156	24.817423	0.011645	2.131080	1
67171.189923	25.235289	0.011667	2.162936	2
67172.243503	27.170956	0.011691	2.324070	3
67173.281159	23.255255	0.011696	1.988226	4
67174.322650	28.553875	0.011641	2.452796	5
67175.368248	24.574461	0.011647	2.109997	6
67176.409751	26.788198	0.011661	2.297250	7
67177.457890	24.135544	0.011672	2.067842	8
67178.493191	27.276361	0.011630	2.345364	9
67179.546652	23.917847	0.011682	2.047488	10
67180.578851	27.603989	0.011680	2.363362	11
67181.625896	27.598097	0.011666	2.365587	12
67182.671207	26.105804	0.011660	2.238921	13
67183.710600	27.612207	0.011623	2.375587	14
67184.759985	25.192272	0.011671	2.158613	15
67185.799341	25.097515	0.011671	2.150486	16
67186.850899	24.023676	0.011681	2.056696	17
67187.888355	22.883650	0.011671	1.960811	18
67188.930938	27.678408	0.011680	2.369810	19
67189.966925	27.268280	0.011700	2.330584	20
67191.022987	25.014324	0.011663	2.144844	21
67192.056218	25.233330	0.011669	2.162497	22
67193.108518	26.148680	0.011683	2.238238	23
67194.146394	23.596510	0.011693	2.017963	24
67195.196946	24.293995	0.011663	2.082933	25
67196.228955	25.629124	0.011634	2.203029	26
67197.281832	25.657143	0.011630	2.206166	27
67198.318018	24.785343	0.011660	2.125706	28
67199.362577	28.135563	0.011661	2.412806	29
67200.405693	24.522223	0.011643	2.106129	30
67201.450232	25.902714	0.011674	2.218856	31
67202.496396	23.583494	0.011684	2.018465	32
67203.531731	26.427118	0.011687	2.261188	33
67204.584034	24.218748	0.011653	2.078322	34
67205.618408	26.561506	0.011658	2.278298	35
67206.669547	25.084070	0.011667	2.150081	36
67207.702565	27.941195	0.011662	2.396008	37
67208.757146	23.310711	0.011646	2.001587	38
67209.794933	26.212593	0.011667	2.246647	39
67210.835383	26.194101	0.011661	2.246376	40
67211.880373	28.153755	0.011665	2.413577	41
67212.920111	25.102232	0.011659	2.153102	42
67213.976218	24.430819	0.011663	2.094721	43
67215.005957	24.333557	0.011665	2.085954	44
67216.061248	26.039818	0.011686	2.228257	45
67217.090837	25.142517	0.011684	2.151895	46
67218.151011	24.253311	0.011654	2.081181	47
67219.179566	24.441837	0.011681	2.092449	48
67220.235735	24.325174	0.011662	2.085853	49
67221.267858	24.432566	0.011663	2.094919	50
67222.319385	24.882410	0.011669	2.132386	51
67223.359371	22.871025	0.011680	1.958137	52
67224.401974	25.882719	0.011684	2.215298	53
67225.445920	23.464937	0.011656	2.013070	54
67226.487925	25.414141	0.011667	2.178226	55
67227.535817	22.606701	0.011666	1.937844	56
67228.578256	23.238571	0.011665	1.992094	57
67229.622140	23.435001	0.011696	2.003591	58
67230.663273	24.236912	0.011666	2.077615	59
67231.709220	22.826712	0.011686	1.953339	60
67232.745513	25.409758	0.011683	2.174872	61
67233.792573	24.346485	0.011659	2.088298	62
67234.833863	24.681992	0.011660	2.116727	63
67235.874700	26.618849	0.011672	2.280516	64
67236.919284	25.080631	0.011670	2.149204	65
67237.967462	23.231279	0.011689	1.987379	66
67239.007258	25.013920	0.011668	2.143840	67
67240.048841	25.332216	0.011669	2.170921	68
