time (s)	energy (uJ)	charge (mC)	voltage (mV)	crossing#mod 255
141684.270723	8.319514	0.008642	0.962644	0
141685.314765	10.411730	0.008664	1.201770	1
141686.345309	8.392041	0.008640	0.971311	2
141687.410269	7.904721	0.008649	0.913970	3
141688.443558	9.322693	0.008649	1.077940	4
141689.492094	10.045960	0.008634	1.163469	5
141690.525887	9.029696	0.008646	1.044415	6
141691.574658	11.568426	0.008670	1.334229	7
141692.606551	10.666911	0.008650	1.233192	8
141693.669350	9.455142	0.008672	1.090317	9
141694.701467	8.043102	0.008676	0.927053	10
141695.757923	9.324159	0.008650	1.077908	11
141696.783108	8.942578	0.008650	1.033768	12
141697.847701	8.338777	0.008654	0.963533	13
141698.863675	10.390918	0.008657	1.200326	14
141699.929502	10.405620	0.008669	1.200377	15
141700.962047	8.182190	0.008661	0.944702	16
141702.009070	12.047231	0.008653	1.392310	17
141703.042673	9.381277	0.008666	1.082599	18
141704.106805	9.493763	0.008648	1.097793	19
141705.128476	9.632854	0.008648	1.113845	20
141706.187117	11.209624	0.008656	1.295028	21
141707.220766	7.975602	0.008656	0.921405	22
141708.284902	8.948107	0.008665	1.032661	23
141709.299886	10.063035	0.008662	1.161729	24
141710.364303	10.636248	0.008631	1.232331	25
141711.396940	7.450949	0.008671	0.859316	26
141712.445198	10.766820	0.008676	1.240969	27
141713.477277	9.032076	0.008648	1.044375	28
141714.542858	8.954290	0.008639	1.036509	29
141715.560456	10.383829	0.008652	1.200140	30
141716.623248	11.150279	0.008675	1.285360	31
141717.654588	8.575603	0.008629	0.993854	32
141718.704753	12.013682	0.008648	1.389257	33
141719.736864	9.711848	0.008652	1.122553	34
141720.803472	9.402579	0.008663	1.085401	35
141721.833896	7.395737	0.008660	0.853973	36
141722.882174	11.702877	0.008697	1.345639	37
141723.914820	8.850001	0.008657	1.022260	38
141724.983514	8.421977	0.008642	0.974542	39
141725.995467	10.367114	0.008659	1.197278	40
141727.059910	10.752257	0.008661	1.241483	41
141728.091983	7.957869	0.008672	0.917677	42
141729.141417	12.133549	0.008652	1.402462	43
141730.175193	8.753597	0.008662	1.010527	44
141731.237945	9.609466	0.008676	1.107629	45
141732.253886	10.844164	0.008660	1.252236	46
141733.309913	13.181389	0.008666	1.521061	47
141734.350712	8.477772	0.008664	0.978471	48
141735.400170	13.095597	0.008642	1.515332	49
141736.431364	10.131708	0.008650	1.171235	50
141737.496962	9.902410	0.008662	1.143209	51
141738.531013	7.500051	0.008659	0.866187	52
141739.579310	11.362071	0.008645	1.314330	53
141740.613323	8.429420	0.008660	0.973427	54
141741.665735	11.104611	0.008650	1.283735	55
141742.690105	10.916254	0.008677	1.258117	56
141743.757281	10.137478	0.008658	1.170829	57
141744.788102	6.861835	0.008677	0.790818	58
141745.836290	11.960197	0.008655	1.381831	59
141746.868413	10.410974	0.008686	1.198569	60
141747.932833	9.669317	0.008649	1.118011	61
141748.966121	7.867914	0.008649	0.909691	62
141750.014698	10.649762	0.008652	1.230875	63
141751.048401	10.262838	0.008652	1.186114	64
141752.096970	12.018332	0.008657	1.388298	65
141753.129099	10.533957	0.008656	1.216893	66
141754.192152	9.971448	0.008654	1.152215	67
141755.224262	8.570615	0.008657	0.990076	68
141756.272549	11.382451	0.008673	1.312432	69
141757.304675	10.280142	0.008677	1.184732	70
141758.354110	12.958825	0.008652	1.497756	71
141759.385575	11.694290	0.008708	1.342920	72
141760.451150	10.161674	0.008654	1.174250	73
141761.490835	7.747040	0.008647	0.895956	74
141762.532175	11.600016	0.008648	1.341324	75
141763.564250	10.993415	0.008647	1.271301	76
141764.630168	9.030943	0.008656	1.043328	77
141765.661051	8.341992	0.008637	0.965853	78
141766.709332	11.108866	0.008667	1.281673	79
141767.741964	9.694663	0.008653	1.120444	80
141768.790493	12.757061	0.008651	1.474634	81
141769.821054	11.699354	0.008678	1.348093	82
141770.887899	9.652870	0.008636	1.117788	83
141771.919146	8.804830	0.008665	1.016089	84
141772.968578	11.163175	0.008654	1.289951	85
141774.000668	10.254849	0.008647	1.185995	86
141775.050444	12.897787	0.008657	1.489807	87
141776.081563	11.792517	0.008657	1.362187	88
141777.145962	10.649592	0.008650	1.231198	89
141778.178386	8.980414	0.008654	1.037688	90
141779.226652	12.089724	0.008676	1.393473	91
141780.260105	10.214915	0.008665	1.178873	92
141781.324337	9.899876	0.008653	1.144063	93
141782.340298	11.717443	0.008650	1.354568	94
141783.406224	11.180348	0.008657	1.291487	95
141784.438761	9.110024	0.008652	1.052967	96
141785.485697	12.826973	0.008654	1.482249	97
141786.519763	10.349639	0.008650	1.196437	98
141787.584037	10.547139	0.008663	1.217428	99
141788.614942	8.001104	0.008660	0.923931	100
141789.663227	12.498880	0.008670	1.441638	101
141790.695331	9.858847	0.008674	1.136637	102
141791.760920	9.748569	0.008659	1.125860	103
141792.776855	11.314610	0.008653	1.307640	104
141793.841246	11.647653	0.008671	1.343308	105
141794.873875	8.844862	0.008650	1.022511	106
141795.922435	12.876251	0.008651	1.488467	107
141796.955208	10.222077	0.008665	1.179689	108
141798.019461	10.168486	0.008635	1.177577	109
141799.035443	11.766005	0.008658	1.359016	110
141800.101292	11.648867	0.008666	1.344262	111
141801.136669	8.573582	0.008646	0.991644	112
141802.197994	9.587983	0.008676	1.105137	113
141803.214460	10.672261	0.008656	1.232902	114
141804.278277	10.908382	0.008650	1.261142	115
141805.311101	8.497687	0.008661	0.981104	116
141806.357200	12.925191	0.008639	1.496186	117
141807.391340	10.027179	0.008648	1.159474	118
141808.456299	9.995403	0.008650	1.155544	119
141809.472242	11.606148	0.008660	1.340156	120
141810.536663	11.448863	0.008655	1.322843	121
141811.569088	8.988853	0.008653	1.038766	122
141812.617345	13.670546	0.008661	1.578356	123
141813.649453	10.268709	0.008664	1.185158	124
141814.713892	10.740249	0.008656	1.240729	125
141815.731011	12.537592	0.008660	1.447731	126
141816.795877	12.223217	0.008651	1.412911	127
141817.828889	9.471665	0.008644	1.095765	128
141818.893011	9.524612	0.008652	1.100862	129
141819.908780	11.856500	0.008651	1.370567	130
141820.973156	10.798699	0.008653	1.247951	131
141822.005272	9.021833	0.008666	1.041025	132
141823.053526	12.831190	0.008663	1.481150	133
141824.086782	10.288740	0.008633	1.191761	134
141825.151182	10.307805	0.008653	1.191210	135
141826.166489	12.415717	0.008654	1.434673	136
141827.232072	12.133632	0.008643	1.403904	137
141828.264181	9.398668	0.008660	1.085296	138
141829.312458	13.719661	0.008673	1.581947	139
141830.344548	11.201286	0.008677	1.290899	140
141831.410107	10.662407	0.008634	1.234956	141
141832.442205	8.786506	0.008652	1.015536	142
141833.490480	12.174011	0.008669	1.404392	143
141834.523994	9.947160	0.008658	1.148859	144
141835.588219	9.749146	0.008658	1.126079	145
141836.607853	11.172598	0.008643	1.292700	146
141837.667346	11.461112	0.008653	1.324465	147
141838.700389	9.471515	0.008679	1.091341	148
141839.740846	14.715141	0.008654	1.700380	149
141840.781892	10.989061	0.008651	1.270318	150
141841.847755	10.048358	0.008668	1.159229	151
141842.862551	12.765413	0.008656	1.474824	152
141843.928828	11.257117	0.008652	1.301039	153
141844.961303	9.863119	0.008655	1.139650	154
141846.008223	13.019706	0.008652	1.504751	155
141847.040346	11.561840	0.008653	1.336147	156
141848.104796	10.672875	0.008676	1.230129	157
141849.136922	9.244049	0.008677	1.065329	158
141850.187976	12.578346	0.008650	1.454223	159
141851.217585	10.416188	0.008653	1.203780	160
141852.283137	8.205418	0.008637	0.950033	161
141853.299094	12.023815	0.008657	1.388883	162
141854.363526	11.416926	0.008672	1.316532	163
141855.395636	9.441207	0.008683	1.087288	164
141856.445053	13.171505	0.008654	1.521956	165
141857.477140	11.057572	0.008648	1.278664	166
141858.541536	10.540269	0.008671	1.215507	167
141859.557447	12.866333	0.008668	1.484403	168
141860.623511	12.186092	0.008665	1.406426	169
141861.655552	9.774764	0.008671	1.127357	170
141862.703684	14.208107	0.008651	1.642446	171
141863.737423	10.757493	0.008651	1.243508	172
141864.800199	11.787252	0.008671	1.359465	173
141865.832577	8.699554	0.008670	1.003457	174
141866.880848	13.272748	0.008676	1.529778	175
141867.914164	9.899311	0.008643	1.145380	176
141868.978521	10.749300	0.008655	1.241974	177
141869.994799	11.624227	0.008649	1.343936	178
141871.059491	11.956934	0.008638	1.384178	179
141872.091590	8.974817	0.008652	1.037367	180
141873.141404	13.856795	0.008656	1.600828	181
141874.171975	10.704018	0.008665	1.235365	182
141875.237607	11.400352	0.008649	1.318161	183
141876.252356	12.299095	0.008659	1.420307	184
141877.317903	12.926568	0.008641	1.496038	185
141878.350012	9.763848	0.008659	1.127553	186
141879.422776	8.987793	0.008647	1.039466	187
141880.434915	10.157077	0.008646	1.174819	188
141881.496262	11.918949	0.008668	1.375075	189
141882.502806	15.277759	0.008648	1.766688	190
141883.576530	13.679736	0.008656	1.580436	191
141884.608640	10.397426	0.008660	1.200671	192
141885.673844	10.861384	0.008652	1.255384	193
141886.689276	11.633050	0.008646	1.345473	194
141887.757232	12.044860	0.008663	1.390411	195
141888.786081	8.899028	0.008642	1.029732	196
141889.835538	14.401521	0.008661	1.662889	197
141890.867670	10.587699	0.008680	1.219820	198
141891.934279	11.119257	0.008649	1.285575	199
141892.948567	12.288243	0.008639	1.422459	200
141894.013321	13.177768	0.008654	1.522817	201
141895.045737	9.115563	0.008652	1.053604	202
141896.113678	10.131831	0.008660	1.169995	203
141897.126396	11.405467	0.008646	1.319176	204
141898.192659	11.850036	0.008656	1.369053	205
141899.223202	8.922674	0.008655	1.030900	206
141900.272780	13.546041	0.008666	1.563086	207
141901.303606	10.365693	0.008673	1.195160	208
141902.370798	10.691889	0.008652	1.235829	209
141903.385118	11.814073	0.008647	1.366185	210
141904.450941	12.751174	0.008661	1.472254	211
141905.482992	9.237647	0.008659	1.066874	212
141906.531071	14.403794	0.008644	1.666324	213
141907.563012	10.892350	0.008647	1.259736	214
141908.628954	11.338093	0.008687	1.305187	215
141909.643453	12.767460	0.008661	1.474145	216
141910.707899	13.425177	0.008648	1.552376	217
141911.741639	9.870552	0.008669	1.138586	218
141912.807560	10.268782	0.008652	1.186813	219
141913.821875	11.670778	0.008646	1.349865	220
141914.886274	11.638555	0.008658	1.344224	221
141915.918926	9.466765	0.008652	1.094117	222
141916.967150	13.691474	0.008654	1.582119	223
141917.999269	10.866040	0.008656	1.255331	224
141919.072110	9.305161	0.008643	1.076639	225
141920.080943	12.418949	0.008671	1.432170	226
141921.146865	12.263453	0.008655	1.416932	227
141922.168255	11.985182	0.008643	1.386663	228
141923.226137	14.849904	0.008654	1.715921	229
141924.257907	11.666595	0.008632	1.351613	230
141925.324003	11.214543	0.008644	1.297310	231
141926.338528	13.309813	0.008635	1.541333	232
141927.404628	13.140991	0.008664	1.516717	233
141928.435464	10.609344	0.008664	1.224571	234
141929.501010	10.662550	0.008636	1.234720	235
141930.517644	12.142845	0.008675	1.399673	236
141931.582183	12.152350	0.008650	1.404906	237
141932.615893	9.342493	0.008648	1.080269	238
