crossing time (s)	slope (V/s)	crossing number
281474976710655.000000	19.402138	10944	66151825408.000000
281474976710655.000000	16.811960	10945	66153701376.000000
281474976710655.000000	14.232565	10946	66154749952.000000
281474976710655.000000	13.177136	10947	66155720704.000000
281474976710655.000000	12.316292	10948	66156773376.000000
281474976710655.000000	14.314537	10949	66157809664.000000
281474976710655.000000	13.388412	10950	66158858240.000000
281474976710655.000000	12.706847	10951	66159894528.000000
281474976710655.000000	12.744897	10952	66160947200.000000
281474976710655.000000	14.209661	10953	66161979392.000000
281474976710655.000000	14.443363	10954	66163032064.000000
281474976710655.000000	13.254749	10955	66164068352.000000
281474976710655.000000	13.371715	10956	66165121024.000000
281474976710655.000000	15.128790	10957	66166157312.000000
281474976710655.000000	13.923914	10958	66167205888.000000
281474976710655.000000	13.173413	10959	66168242176.000000
281474976710655.000000	13.363029	10960	66169294848.000000
281474976710655.000000	14.134932	10961	66170331136.000000
281474976710655.000000	14.100347	10962	66171379712.000000
281474976710655.000000	13.650797	10963	66172420096.000000
281474976710655.000000	13.720802	10964	66173464576.000000
281474976710655.000000	14.809845	10965	66174504960.000000
281474976710655.000000	14.956246	10966	66175549440.000000
281474976710655.000000	14.849467	10967	66176593920.000000
281474976710655.000000	13.755836	10968	66177634304.000000
281474976710655.000000	13.656616	10969	66178678784.000000
281474976710655.000000	14.448013	10970	66179723264.000000
281474976710655.000000	14.188766	10971	66180767744.000000
281474976710655.000000	13.798998	10972	66181808128.000000
281474976710655.000000	14.053015	10973	66182856704.000000
281474976710655.000000	14.732210	10974	66183892992.000000
281474976710655.000000	15.295261	10975	66184941568.000000
281474976710655.000000	14.271830	10976	66185977856.000000
281474976710655.000000	14.406417	10977	66187030528.000000
281474976710655.000000	14.340197	10978	66188066816.000000
281474976710655.000000	14.338663	10979	66189119488.000000
281474976710655.000000	14.403411	10980	66190151680.000000
281474976710655.000000	13.938406	10981	66191204352.000000
281474976710655.000000	14.822500	10982	66192240640.000000
281474976710655.000000	14.867889	10983	66193293312.000000
281474976710655.000000	14.231833	10984	66194325504.000000
281474976710655.000000	14.773924	10985	66195378176.000000
281474976710655.000000	14.604824	10986	66196410368.000000
281474976710655.000000	14.377963	10987	66197467136.000000
281474976710655.000000	14.436284	10988	66198499328.000000
281474976710655.000000	14.353417	10989	66199552000.000000
281474976710655.000000	14.587470	10990	66200588288.000000
281474976710655.000000	14.588224	10991	66201636864.000000
281474976710655.000000	14.187719	10992	66202673152.000000
281474976710655.000000	14.794992	10993	66203725824.000000
281474976710655.000000	14.974590	10994	66204762112.000000
281474976710655.000000	15.596143	10995	66205810688.000000
281474976710655.000000	14.547132	10996	66206846976.000000
281474976710655.000000	15.266788	10997	66207895552.000000
281474976710655.000000	14.952616	10998	66208935936.000000
281474976710655.000000	14.425402	10999	66209980416.000000
281474976710655.000000	15.200206	11000	66211024896.000000
281474976710655.000000	15.250864	11001	66212069376.000000
281474976710655.000000	15.545619	11002	66213109760.000000
281474976710655.000000	16.239529	11003	66214154240.000000
281474976710655.000000	15.225846	11004	66215198720.000000
281474976710655.000000	15.956490	11005	66216239104.000000
281474976710655.000000	14.831487	11006	66217287680.000000
281474976710655.000000	15.085217	11007	66218323968.000000
281474976710655.000000	15.500149	11008	66219372544.000000
281474976710655.000000	15.624928	11009	66220412928.000000
281474976710655.000000	14.785456	11010	66221461504.000000
281474976710655.000000	16.144773	11011	66222497792.000000
281474976710655.000000	15.820985	11012	66223546368.000000
281474976710655.000000	15.565220	11013	66224582656.000000
281474976710655.000000	14.870593	11014	66225635328.000000
281474976710655.000000	15.667222	11015	66226671616.000000
281474976710655.000000	16.005919	11016	66227720192.000000
281474976710655.000000	15.226199	11017	66228756480.000000
281474976710655.000000	15.878501	11018	66229809152.000000
281474976710655.000000	15.334105	11019	66230845440.000000
281474976710655.000000	16.433542	11020	66231894016.000000
281474976710655.000000	15.669523	11021	66232930304.000000
281474976710655.000000	15.737140	11022	66233978880.000000
281474976710655.000000	15.877580	11023	66235019264.000000
281474976710655.000000	15.460848	11024	66236067840.000000
281474976710655.000000	15.730552	11025	66237104128.000000
281474976710655.000000	15.722469	11026	66238152704.000000
281474976710655.000000	15.569885	11027	66239193088.000000
281474976710655.000000	16.346424	11028	66240241664.000000
281474976710655.000000	15.539834	11029	66241277952.000000
281474976710655.000000	16.537222	11030	66242326528.000000
281474976710655.000000	16.144476	11031	66243366912.000000
281474976710655.000000	15.851475	11032	66244411392.000000
281474976710655.000000	16.170757	11033	66245451776.000000
281474976710655.000000	15.851497	11034	66246496256.000000
281474976710655.000000	16.163439	11035	66247540736.000000
281474976710655.000000	15.988086	11036	66248585216.000000
281474976710655.000000	15.917531	11037	66249629696.000000
281474976710655.000000	16.015512	11038	66250670080.000000
281474976710655.000000	15.756262	11039	66251718656.000000
281474976710655.000000	15.692234	11040	66252754944.000000
281474976710655.000000	15.911963	11041	66253803520.000000
281474976710655.000000	15.715283	11042	66254839808.000000
281474976710655.000000	16.595953	11043	66255892480.000000
281474976710655.000000	16.486471	11044	66256924672.000000
281474976710655.000000	16.357374	11045	66257981440.000000
281474976710655.000000	17.015898	11046	66259013632.000000
281474976710655.000000	15.736563	11047	66260066304.000000
281474976710655.000000	16.329401	11048	66261098496.000000
281474976710655.000000	16.477533	11049	66262151168.000000
281474976710655.000000	15.753935	11050	66263187456.000000
281474976710655.000000	16.650814	11051	66264240128.000000
281474976710655.000000	16.194077	11052	66265276416.000000
281474976710655.000000	16.184755	11053	66266324992.000000
281474976710655.000000	16.275082	11054	66267361280.000000
281474976710655.000000	16.601746	11055	66268409856.000000
281474976710655.000000	16.525761	11056	66269450240.000000
281474976710655.000000	16.277803	11057	66270494720.000000
281474976710655.000000	16.304092	11058	66271535104.000000
281474976710655.000000	16.241808	11059	66272583680.000000
281474976710655.000000	16.128557	11060	66273624064.000000
281474976710655.000000	16.689816	11061	66274668544.000000
281474976710655.000000	16.214708	11062	66275708928.000000
281474976710655.000000	16.846031	11063	66276757504.000000
281474976710655.000000	16.354519	11064	66277797888.000000
281474976710655.000000	16.390255	11065	66278842368.000000
281474976710655.000000	16.528618	11066	66279882752.000000
281474976710655.000000	17.341717	11067	66280927232.000000
281474976710655.000000	16.728750	11068	66281971712.000000
281474976710655.000000	16.989391	11069	66283012096.000000
281474976710655.000000	16.764130	11070	66284060672.000000
281474976710655.000000	16.994926	11071	66285096960.000000
281474976710655.000000	17.144957	11072	66286145536.000000
281474976710655.000000	16.860350	11073	66287181824.000000
281474976710655.000000	17.115736	11074	66288234496.000000
281474976710655.000000	16.695671	11075	66289270784.000000
281474976710655.000000	16.823835	11076	66290323456.000000
281474976710655.000000	17.195723	11077	66291355648.000000
281474976710655.000000	16.543827	11078	66292408320.000000
281474976710655.000000	17.063198	11079	66293444608.000000
281474976710655.000000	17.217537	11080	66294493184.000000
281474976710655.000000	15.955765	11081	66295529472.000000
281474976710655.000000	16.808090	11082	66296582144.000000
281474976710655.000000	16.969658	11083	66297618432.000000
281474976710655.000000	17.286118	11084	66298667008.000000
281474976710655.000000	17.100060	11085	66299703296.000000
281474976710655.000000	16.905081	11086	66300755968.000000
281474976710655.000000	17.207033	11087	66301788160.000000
281474976710655.000000	16.814674	11088	66302840832.000000
281474976710655.000000	17.164541	11089	66303877120.000000
281474976710655.000000	16.734884	11090	66304925696.000000
281474976710655.000000	17.195383	11091	66305961984.000000
281474976710655.000000	17.329695	11092	66307014656.000000
281474976710655.000000	17.406088	11093	66308050944.000000
281474976710655.000000	17.003092	11094	66309099520.000000
281474976710655.000000	16.542566	11095	66310135808.000000
281474976710655.000000	16.982889	11096	66311184384.000000
281474976710655.000000	17.105963	11097	66312224768.000000
281474976710655.000000	17.568935	11098	66313273344.000000
281474976710655.000000	16.806564	11099	66314309632.000000
281474976710655.000000	17.378275	11100	66315358208.000000
281474976710655.000000	17.142538	11101	66316398592.000000
281474976710655.000000	17.761192	11102	66317443072.000000
281474976710655.000000	17.542051	11103	66318487552.000000
281474976710655.000000	17.595163	11104	66319532032.000000
281474976710655.000000	16.989981	11105	66320572416.000000
281474976710655.000000	17.853914	11106	66321616896.000000
281474976710655.000000	17.112543	11107	66322661376.000000
281474976710655.000000	17.665823	11108	66323701760.000000
281474976710655.000000	17.027679	11109	66324746240.000000
281474976710655.000000	17.317492	11110	66325786624.000000
281474976710655.000000	17.664347	11111	66326835200.000000
281474976710655.000000	17.431040	11112	66327875584.000000
281474976710655.000000	17.538050	11113	66328924160.000000
281474976710655.000000	17.456957	11114	66329960448.000000
281474976710655.000000	17.343693	11115	66331009024.000000
281474976710655.000000	17.504822	11116	66332049408.000000
281474976710655.000000	17.376081	11117	66333093888.000000
281474976710655.000000	18.011906	11118	66334134272.000000
281474976710655.000000	18.211870	11119	66335182848.000000
281474976710655.000000	16.882675	11120	66336219136.000000
281474976710655.000000	17.484600	11121	66337267712.000000
281474976710655.000000	17.718439	11122	66338308096.000000
281474976710655.000000	17.631784	11123	66339356672.000000
281474976710655.000000	17.821142	11124	66340392960.000000
281474976710655.000000	16.700161	11125	66341441536.000000
281474976710655.000000	17.494984	11126	66342481920.000000
281474976710655.000000	17.874035	11127	66343526400.000000
281474976710655.000000	18.303007	11128	66344566784.000000
281474976710655.000000	17.754969	11129	66345611264.000000
281474976710655.000000	18.101648	11130	66346655744.000000
281474976710655.000000	17.354639	11131	66347700224.000000
281474976710655.000000	17.213209	11132	66348744704.000000
281474976710655.000000	17.793123	11133	66349785088.000000
281474976710655.000000	17.336321	11134	66350829568.000000
281474976710655.000000	18.341158	11135	66351869952.000000
281474976710655.000000	17.978519	11136	66352918528.000000
281474976710655.000000	18.130688	11137	66353954816.000000
281474976710655.000000	17.538889	11138	66355003392.000000
281474976710655.000000	17.706507	11139	66356043776.000000
281474976710655.000000	17.588640	11140	66357092352.000000
281474976710655.000000	18.122738	11141	66358128640.000000
281474976710655.000000	17.587452	11142	66359177216.000000
281474976710655.000000	18.054592	11143	66360213504.000000
281474976710655.000000	17.768316	11144	66361266176.000000
281474976710655.000000	18.205456	11145	66362302464.000000
281474976710655.000000	17.773041	11146	66363351040.000000
281474976710655.000000	17.693193	11147	66364387328.000000
281474976710655.000000	18.009262	11148	66365440000.000000
281474976710655.000000	18.030218	11149	66366472192.000000
281474976710655.000000	18.031158	11150	66367524864.000000
281474976710655.000000	18.421312	11151	66368561152.000000
281474976710655.000000	17.418186	11152	66369613824.000000
281474976710655.000000	18.568209	11153	66370646016.000000
281474976710655.000000	17.934328	11154	66371698688.000000
281474976710655.000000	17.932747	11155	66372734976.000000
281474976710655.000000	18.198858	11156	66373783552.000000
281474976710655.000000	17.869595	11157	66374819840.000000
281474976710655.000000	18.372169	11158	66375872512.000000
