time (s)	energy (uJ)	charge (mC)	voltage (mV)	crossing#mod 255
144064.256181	29.514746	0.011682	2.526446	70
144065.300693	29.061567	0.011757	2.471826	71
144066.329102	37.782116	0.011686	3.233052	72
144067.385119	31.408270	0.011710	2.682093	73
144068.433654	27.931273	0.011701	2.387113	74
144069.465434	33.863152	0.011697	2.895011	75
144070.514041	36.546349	0.011688	3.126778	76
144071.562639	28.288200	0.011700	2.417861	77
144072.600068	31.582649	0.011718	2.695328	78
144073.643829	32.936039	0.011722	2.809817	79
144074.692083	30.817312	0.011690	2.636295	80
144075.724716	34.471584	0.011720	2.941208	81
144076.772173	34.144760	0.011691	2.920646	82
144077.821551	30.174749	0.011699	2.579328	83
144078.869832	27.673637	0.011689	2.367415	84
144079.901372	34.355923	0.011722	2.930952	85
144080.950698	33.495338	0.011690	2.865185	86
144081.999316	27.810160	0.011718	2.373266	87
144083.031620	34.067871	0.011675	2.917984	88
144084.080834	32.471573	0.011673	2.781706	89
144085.129316	29.384493	0.011697	2.512091	90
144086.161724	34.360199	0.011695	2.938130	91
144087.209368	33.948479	0.011690	2.904141	92
144088.257645	30.009842	0.011698	2.565467	93
144089.299823	31.245684	0.011717	2.666720	94
144090.338544	34.383801	0.011692	2.940756	95
144091.380363	35.591541	0.011710	3.039512	96
144092.436223	27.553125	0.011711	2.352800	97
144093.468855	34.233028	0.011696	2.926896	98
144094.524079	26.995296	0.011691	2.309145	99
144095.571486	25.395643	0.011701	2.170322	100
144096.603323	31.006908	0.011707	2.648569	101
144097.645708	33.794289	0.011700	2.888421	102
144098.693990	30.533234	0.011711	2.607197	103
144099.742579	27.973843	0.011697	2.391518	104
144100.775464	33.383976	0.011690	2.855696	105
144101.825270	30.771381	0.011691	2.631975	106
144102.871777	26.590466	0.011722	2.268362	107
144103.904957	34.173042	0.011724	2.914859	108
144104.953226	28.647577	0.011687	2.451210	109
144106.001526	30.341095	0.011701	2.593117	110
144107.034098	34.665672	0.011688	2.965972	111
144108.082644	33.251343	0.011687	2.845050	112
144109.131198	27.306591	0.011689	2.336088	113
144110.179978	27.500256	0.011678	2.354777	114
144111.212106	31.625715	0.011708	2.701320	115
144112.261513	31.489561	0.011688	2.694141	116
144113.293608	33.800854	0.011696	2.889998	117
144114.349984	31.259645	0.011671	2.678383	118
144115.383477	33.478729	0.011692	2.863359	119
144116.438326	30.803522	0.011689	2.635188	120
144117.473166	30.572512	0.011689	2.615489	121
144118.519862	33.935204	0.011747	2.888855	122
144119.568090	26.259388	0.011692	2.245961	123
144120.616171	28.570135	0.011690	2.444073	124
144121.648731	30.369680	0.011684	2.599163	125
144122.696895	33.308258	0.011657	2.857458	126
144123.730257	33.279453	0.011690	2.846870	127
144124.793601	26.493078	0.011711	2.262305	128
144125.819997	31.395035	0.011718	2.679312	129
144126.875032	31.571335	0.011691	2.700451	130
144127.907168	31.520052	0.011695	2.695086	131
144128.948649	36.861095	0.011672	3.158019	132
144130.010556	21.240435	0.011676	1.819187	133
144131.052744	23.035933	0.011711	1.967091	134
144132.090137	25.808735	0.011691	2.207542	135
144133.133735	32.705151	0.011688	2.798240	136
144134.165040	33.733315	0.011698	2.883673	137
144135.237536	22.410027	0.011698	1.915650	138
144136.261848	28.042257	0.011734	2.389899	139
144137.305072	34.384899	0.011721	2.933661	140
144138.344169	31.712626	0.011716	2.706801	141
144139.398099	30.370094	0.011708	2.594002	142
144140.439692	26.092060	0.011703	2.229481	143
144141.489529	28.047293	0.011697	2.397788	144
144142.522138	29.122402	0.011718	2.485217	145
144143.569842	32.073776	0.011699	2.741567	146
144144.601961	33.263794	0.011706	2.841545	147
144145.670159	22.690628	0.011693	1.940610	148
144146.700458	27.190544	0.011722	2.319621	149
144147.749000	28.727287	0.011697	2.455938	150
144148.780485	31.965979	0.011686	2.735424	151
144149.835906	27.912134	0.011694	2.386917	152
144150.877329	24.941097	0.011693	2.132945	153
144151.931821	22.776278	0.011714	1.944330	154
144152.958833	30.122751	0.011719	2.570364	155
144154.007388	29.877934	0.011681	2.557816	156
144155.055963	24.454357	0.011719	2.086762	157
144156.087288	33.810139	0.011690	2.892212	158
144157.136591	27.777590	0.011722	2.369788	159
144158.184039	28.329098	0.011686	2.424235	160
144159.216161	33.484383	0.011686	2.865428	161
144160.265530	30.983341	0.011686	2.651309	162
144161.313830	24.308958	0.011708	2.076318	163
144162.362528	24.659456	0.011665	2.113930	164
144163.394519	31.680328	0.011714	2.704380	165
144164.443892	29.021967	0.011726	2.474993	166
144165.492156	24.050058	0.011687	2.057848	167
144166.524525	32.564339	0.011690	2.785586	168
144167.572300	29.503426	0.011685	2.524884	169
144168.622495	25.134808	0.011697	2.148747	170
144169.653474	36.414513	0.011690	3.114981	171
144170.702239	30.826612	0.011688	2.637409	172
144171.750505	27.505157	0.011701	2.350696	173
144172.784292	33.692421	0.011686	2.883128	174
144173.830824	31.909216	0.011693	2.728979	175
144174.872674	33.277809	0.011695	2.845431	176
144175.929340	23.831324	0.011707	2.035699	177
144176.960921	32.393360	0.011684	2.772404	178
144178.010223	28.187260	0.011699	2.409373	179
144179.051476	29.085676	0.011709	2.483939	180
144180.091796	32.011101	0.011715	2.732389	181
144181.143757	26.464224	0.011722	2.257627	182
144182.187408	26.540228	0.011690	2.270252	183
144183.219544	33.987225	0.011693	2.906693	184
144184.267845	31.164516	0.011692	2.665363	185
144185.316403	27.732288	0.011677	2.374997	186
144186.358693	27.858582	0.011717	2.377595	187
144187.397867	31.784611	0.011709	2.714527	188
144188.446111	29.173113	0.011691	2.495306	189
144189.493579	25.318527	0.011696	2.164713	190
144190.529228	31.243065	0.011706	2.669050	191
144191.575958	29.226927	0.011715	2.494818	192
144192.623032	26.579437	0.011687	2.274289	193
144193.656582	37.762997	0.011717	3.222806	194
144194.703756	31.046272	0.011671	2.660151	195
144195.753134	26.812609	0.011699	2.291777	196
144196.801688	22.996466	0.011705	1.964714	197
144197.840658	27.428915	0.011717	2.340981	198
144198.883167	27.486217	0.011717	2.345929	199
144199.932607	24.651215	0.011691	2.108553	200
144200.962979	32.202454	0.011714	2.749038	201
144202.012328	30.083853	0.011694	2.572611	202
144203.063326	23.334610	0.011694	1.995471	203
144204.109998	22.611351	0.011703	1.932091	204
144205.142074	28.826630	0.011700	2.463899	205
144206.191678	27.252556	0.011707	2.327842	206
144207.221878	32.744591	0.011691	2.800803	207
144208.271257	32.417770	0.011684	2.774531	208
144209.324903	22.383297	0.011717	1.910341	209
144210.366576	26.158672	0.011689	2.237798	210
144211.400223	30.166674	0.011689	2.580818	211
144212.456094	25.379902	0.011690	2.171037	212
144213.498506	22.891283	0.011693	1.957753	213
144214.545632	23.907530	0.011693	2.044527	214
144215.577720	27.057222	0.011697	2.313202	215
144216.627122	28.185978	0.011715	2.405937	216
144217.658134	32.202572	0.011746	2.741575	217
144218.707470	32.480343	0.011689	2.778723	218
144219.757237	23.565350	0.011688	2.016161	219
144220.805466	25.638538	0.011691	2.193015	220
144221.830313	33.015247	0.011682	2.826068	221
144222.885208	30.523539	0.011696	2.609756	222
144223.940336	19.158813	0.011695	1.638265	223
144224.982281	24.141695	0.011693	2.064688	224
144226.014205	26.336359	0.011674	2.256055	225
144227.056371	32.611485	0.011709	2.785263	226
144228.095860	30.690105	0.011688	2.625767	227
144229.149338	28.438494	0.011739	2.422465	228
144230.197846	20.425436	0.011709	1.744434	229
144231.245465	23.137482	0.011685	1.980113	230
144232.272552	29.063856	0.011725	2.478789	231
144233.321855	29.649776	0.011692	2.535873	232
144234.370121	21.632835	0.011696	1.849645	233
144235.424495	20.826723	0.011714	1.777945	234
144236.450543	27.075998	0.011723	2.309551	235
144237.499899	27.651266	0.011688	2.365708	236
144238.532009	30.424974	0.011690	2.602606	237
144239.580280	31.990244	0.011698	2.734603	238
144240.628573	24.234486	0.011719	2.068011	239
